891
531
357
327
1169
1113
270
1027
993
988
1112
1117
1073
1116
1077
1121
999
453
1032
1119
584
645
1029
800
268
1076
900
644
1028
997
671
51
898
1114
789
1173
788
1172
998
567
1026
670
358
274
790
1174
1115
269
454
836
989
326
996
1193
564
1068
512
896
367
271
1071
566
992
526
1035
672
787
1171
329
990
376
465
1176
647
1031
1000
585
791
1175
902
1070
1074
565
818
1072
1194
568
987
901
673
995
826
455
1069
1034
994
265
1033
797
991
510
894
786
1170
899
1120
508
892
831
328
1177
509
893
805
363
52
895
54
794
1178
1030
646
53
897
562
373
903
1075
1118
