25355
1179
1563
25371
25387
427
6187
25403
3899
4667
2379
25419
4315
475
5099
507
6267
891
1291
4763
5531
5915
2091
555
2491
4411
5563
1739
5579
5963
219
3291
4843
5995
1019
6011
2187
2955
5259
5643
25243
2587
3739
5275
667
25259
299
25275
4923
5691
1483
715
1115
25307
5723
25323
363
5739
25339
379
3835
5755
763
25356
1180
1564
25372
25388
428
5804
812
25404
3900
4668
5820
25420
4316
860
5100
508
892
1292
4764
5532
2092
2876
3644
5564
5948
1740
204
5580
5964
3292
1388
26732
4844
5612
6012
2188
2956
4108
5260
5644
25244
2588
3740
5276
668
25260
25276
4924
5692
1484
25292
5708
25308
5724
25324
364
5740
25340
2684
3452
380
764
25357
5389
1181
1565
25373
25389
429
5421
813
25405
3901
4669
25421
2781
477
5853
861
509
5517
5901
2093
4013
5549
5933
2877
3645
5565
205
5581
5965
221
3293
5597
5981
26733
5997
621
253
26365
6013
2189
2957
5645
2589
26013
5277
669
25261
301
25277
4925
5693
25293
717
25309
5725
25325
3053
365
2685
3453
381
4989
765
25358
5390
1182
25374
25390
430
814
25406
3902
5822
1998
2382
25422
2782
478
862
28142
5102
5486
3198
510
5502
894
1294
2094
4014
5550
558
2878
3646
5566
206
5582
222
5598
5982
26734
4846
5614
622
254
4478
6014
2190
5262
25246
2590
3742
5278
3374
25278
5694
1486
25294
5710
718
25310
4574
25326
366
5358
5742
25342
2686
4990
766
25359
1183
25375
25391
431
5807
6191
25407
3903
5439
1999
2783
3551
863
1647
5103
511
5503
895
1295
5903
5919
2095
559
3647
5567
207
5583
223
3295
5983
4847
623
255
4479
6015
25231
5263
3743
5279
25263
303
25279
4927
1487
25295
5711
719
25311
4575
25327
367
25343
2687
3455
767
25344
3456
4992
5760
768
25360
1568
25376
5792
25392
432
816
25408
3904
5440
5840
2784
3552
864
112
5104
5872
5504
560
5936
5568
208
5584
224
5984
256
4480
6016
2960
5264
25248
6048
25264
304
3376
1488
2256
25296
5712
720
25312
4576
25328
3056
368
4208
25345
2689
3457
4993
25361
5777
25377
25393
3121
433
817
25409
3905
2001
2385
2785
3553
5857
865
113
5169
5553
3649
5569
209
5585
225
3297
5601
4849
257
4481
6017
2961
5265
1841
25265
25281
1489
25297
5713
721
4577
25329
3057
369
25346
2690
4994
5762
25362
1570
25378
25394
3122
818
25410
3906
5826
2386
2786
866
114
5874
3202
5506
5906
2482
4018
4402
5170
5554
5570
5586
5970
226
5602
1010
4850
5618
258
4482
6018
2962
5266
25250
25266
306
25282
1106
1490
2258
25298
5714
25314
4578
25330
370
3826
25347
2691
25363
1571
25379
25395
25411
3907
5459
2787
867
115
4755
4019
5171
5939
5571
211
5587
227
5603
5619
259
4483
6019
5267
25251
3747
25267
307
3379
25283
1107
2259
25299
5715
25315
5731
25331
3059
371
3827
4211
25348
2692
4996
25364
25380
5412
25396
3124
5428
5812
820
25412
84
2788
5476
5860
868
116
1652
3204
5508
25250
2484
4404
5556
1732
5572
212
5972
1380
228
5604
6004
260
4484
6020
5268
660
25252
1844
25268
6068
1108
2260
25300
5716
25316
5732
25332
372
3828
4212
5748
25349
2693
3461
5765
25365
5397
25381
421
25397
25413
469
5845
85
2789
869
117
3205
5541
5925
4405
5173
5557
1733
25541
5573
213
5973
1381
5605
1013
2181
261
4101
4485
25237
2581
5269
661
25253
5669
25269
3381
25285
1109
25301
25317
5733
25333
373
5766
25366
25382
422
25398
5814
25414
5446
2006
4310
470
5846
86
25446
3558
118
502
5494
1286
3206
5510
5542
4406
5174
5558
5574
5958
214
5590
5974
1382
5606
614
6006
2182
262
4486
25238
5270
662
25254
5670
25270
25286
2262
25302
25318
25334
374
3830
4214
25351
5767
1175
25367
25383
5415
25399
3127
25415
4311
471
87
119
1655
503
1287
5511
551
2487
4407
5175
5559
1735
199
5575
5959
215
5991
615
6007
2183
4487
6023
25239
2583
5271
663
25255
5671
25271
3383
4919
5687
1111
25303
25319
6119
25335
375
4215
25352
1176
25368
25384
25400
3128
5432
5816
25416
4312
472
88
3560
5096
120
504
5880
5512
4760
5528
5912
2488
3640
5176
5560
200
5576
216
5592
1016
6008
25240
2584
5272
664
25256
5672
1848
25272
4920
25288
712
1112
2264
25304
25320
5352
25336
376
3832
4216
5752
25353
1177
25369
25385
425
25401
3129
25417
5449
4313
473
6233
89
505
889
1289
5513
4761
5529
921
2089
553
5545
2489
3641
4409
5177
5561
201
5577
217
27097
3289
5977
1385
4841
617
2953
4105
5641
25241
2585
3737
5273
665
25257
25273
5689
1481
25289
713
1113
25305
25321
361
25337
377
4217
761
25354
1178
1562
25370
5402
5786
25386
426
5802
810
25402
3130
4666
25418
5450
4314
474
90
5866
506
890
1290
5898
4762
2090
4010
554
5930
2490
2874
3642
4410
5562
1738
202
5578
218
3290
5978
1386
4842
5994
618
1018
2954
4106
5642
25242
3738
5274
666
25258
25274
4922
25290
714
1114
25306
25322
3050
362
25338
378
3834
762
