1659
2811
13947
14331
17384
17768
17751
2174
3710
8702
738
4962
10722
19938
944
15152
18608
6675
12051
13587
18963
3701
9845
12149
13685
15221
5052
10044
19644
6593
18497
1325
2093
2477
4397
6701
17837
19373
12458
14378
852
2772
10452
11988
14676
18900
3429
14949
1863
3015
5319
6087
19143
5271
13719
14871
16407
5688
16056
1010
1394
1778
4082
10610
1169
1937
14225
15377
1873
4945
7249
1365
2901
10321
7125
16849
7509
16725
19413
243
3315
7155
15603
15987
18675
19059
3751
6055
15655
270
1806
2574
3726
5262
17166
3331
6019
7939
729
3417
8924
2586
8778
3738
16459
15642
13770
196
18524
16794
1732
3268
17226
7108
17610
7492
15286
23
1559
5783
8471
17687
1154
1922
1634
8546
1584
8496
9314
12770
2668
3436
15074
8812
18914
1527
6903
15953
796
10743
1564
4798
18844
5182
15351
18238
18807
18620
686
1354
6830
13258
7598
1286
5510
8366
6662
11822
553
2857
5545
5929
1915
8233
10363
4789
12085
11131
10921
11899
13621
18601
18427
18229
18613
758
2294
3062
2195
13430
2579
3731
4883
19185
15035
1074
484
1458
4146
13540
4914
11058
14514
304
19122
12592
2354
11186
17584
11954
4185
6873
962
19394
225
1377
2529
4449
5601
10593
17889
2218
3370
6442
11434
12202
12970
18346
19498
2783
252
7775
1020
1404
2940
15455
17375
3324
9084
10236
16764
19068
1372
2908
8284
10972
19420
115
1609
4297
5875
9331
5065
7369
12787
10057
2497
14707
15859
2881
17011
14785
19777
3694
5614
7918
14446
17902
18670
1124
9572
3345
5649
18788
7185
9105
6744
980
16017
8664
3668
4052
4436
5204
5588
9428
2269
17876
3037
9181
19796
5970
11101
16338
11485
19026
11869
12253
15325
18781
7640
14936
2652
19164
2993
1505
7985
5345
9521
14897
18736
19888
12338
20018
1549
4237
6541
7309
12685
4423
888
4807
1272
5191
6264
6727
10104
8647
16248
17863
20088
18247
19399
1084
1468
3772
2030
2414
10684
3182
834
8174
16828
3906
12398
18364
14702
18542
19310
15273
18729
19881
4537
8761
13753
15499
15673
17209
19129
10168
17080
4035
4336
10563
5104
18627
18928
161
1194
8609
3114
3498
6186
10529
15018
11297
16673
2010
18977
3546
7386
1579
10074
2347
4267
704
7339
2624
15403
5979
6464
13275
10304
14811
19136
15195
18651
19803
16
4624
8848
1825
1669
2593
5893
6817
9232
6277
14497
7813
11152
3287
12119
18337
10117
11920
13655
1539
3459
6147
12304
19203
16912
19600
3992
5528
10904
15512
1674
2442
3594
4362
995
19427
5130
17418
2550
6006
6390
381
1149
6774
2301
3069
19830
3837
5757
4
2308
3076
6916
11524
14212
1820
2204
15364
4892
18436
15260
19972
1418
3338
4874
9866
13322
19441
14858
16394
1594
2746
17930
5818
14650
1069
1453
1837
2605
3373
5293
3642
2375
4410
3527
3911
6714
8903
8250
14663
3682
16738
10938
823
6199
18274
17850
18658
16951
19770
4489
908
16777
8588
12428
13964
14348
18188
628
17140
18292
16351
17503
4637
3154
6173
15442
10397
19282
19666
10781
15005
1248
2400
19229
3168
19296
20064
749
4589
15725
16493
2041
18029
6649
535
17401
2839
4375
5143
17256
5911
8983
17640
12030
15486
18942
1554
3090
1224
18450
15048
16968
7074
9762
11682
13218
15906
18594
515
899
2435
11267
16643
19331
3191
8567
11639
18551
18935
3424
4576
15712
16480
18016
1614
18400
6606
17358
2428
3196
5884
7420
13180
15100
19324
1532
12668
19580
2832
3600
10512
11280
16656
4159
3824
1049
1433
8345
5744
8048
11417
8069
13808
12185
16112
9989
12953
19952
13061
2084
19865
3236
19589
5156
1320
12068
1704
4392
13604
4776
19748
18984
79
3945
1999
18921
19305
1253
10469
12005
16613
18533
328
2248
4936
18760
7754
234
1599
4458
2751
18122
3135
11370
10431
11754
18506
10815
20042
12522
12351
12906
15807
3305
19434
3689
20031
6377
18665
2802
10482
10866
11250
2825
15113
16265
18569
1785
13305
4349
5117
5501
18173
1134
5358
9198
11118
11502
11886
12270
37
805
1189
1957
3109
9253
2713
3097
20005
720
1104
1488
6096
11088
13392
15312
363
1515
1899
4971
12651
18795
9466
11002
18682
88
1624
3928
16600
1243
6619
18139
18907
778
3850
5770
17290
2160
1204
6580
17520
9652
16180
814
1966
2734
10414
10798
15790
1279
3583
8191
3880
10495
18856
12415
1064
1448
2600
2984
13736
17960
1344
5952
9792
15936
30
2718
5022
7326
12702
15390
2765
8525
9293
13133
18893
19277
3491
9635
54
8886
9270
18486
18870
19254
1109
1493
2645
6101
14165
19157
19925
21845
1946
3482
4250
6554
8090
13850
19994
1030
12166
19462
20998
646
13702
18310
19078
3635
7091
7475
7859
11699
13235
15923
20915
21683
21474
20823
21758
20138
21290
22058
20525
21651
20456
21185
437
1589
3893
17717
21173
21093
2234
3002
5306
18746
20698
21850
20979
20283
21435
21588
20682
20181
20565
20369
20668
20326
21860
20238
20972
953
6329
20537
21305
20611
21763
1139
2675
3443
4211
11507
19571
21491
21300
20675
20470
21622
21036
21804
20271
21428
20316
20219
20600
21158
20463
21498
21882
20193
21345
21726
21350
21357
20965
20311
20207
21743
21838
20297
21833
21098
21367
21295
20745
21513
21897
20891
21275
20797
21949
20486
22022
20435
21005
21389
21773
21362
20647
20661
21235
22003
21716
20224
21394
21447
21083
21377
21467
20397
20953
21721
21280
21481
20618
21372
21048
20922
21690
21932
20290
21442
21826
20623
20416
21503
21887
21560
20321
20705
20243
21078
20910
21462
21678
21061
21855
21068
21452
20830
21029
21797
20872
21215
21711
20628
21012
21780
21593
21977
21123
20278
21814
21753
20200
21736
20214
20946
21330
20167
20551
20804
21821
20849
21617
20816
21200
20783
20498
21250
21634
20572
21340
21128
21285
20340
20724
21108
20991
21335
21661
20929
21315
21411
21404
20442
21210
20124
22044
20333
21996
21384
21768
21809
20856
21240
22008
21605
20409
21695
20835
20392
2522
10202
20186
21867
21748
21088
21168
20491
20875
22027
21553
21022
21937
20731
21486
20131
22051
20428
21260
21644
21270
20905
21673
20811
21195
21963
21991
21567
20257
21190
21574
21245
21629
20352
20712
21148
21532
20960
20174
20558
21205
21265
21668
20689
21073
21457
21927
21600
21984
20250
21220
21954
20719
21103
20986
20518
22039
22032
20654
20586
21525
20423
20842
21610
20941
21325
20759
21143
21508
21892
20773
20381
21917
20151
20593
20936
21320
21704
21581
20231
21178
20778
21546
20158
21310
21907
20376
21912
20449
21970
20359
21017
21401
21785
20479
20863
22015
21138
20304
20511
21133
20738
21872
21163
21118
21421
20264
21416
20640
21792
21230
21656
20766
20404
20544
20898
20579
21731
20790
21942
21225
21539
17273
17657
19961
20345
21113
9593
3962
122
19706
3578
129
20097
3201
4737
10546
15538
20530
8626
4018
5554
562
17947
19099
20635
5492
9883
13339
4724
7796
17179
18724
18256
14884
16420
5284
8740
21922
10576
11344
5410
3280
4816
12441
12825
1689
20505
3609
14242
10667
16043
1305
16811
19115
5675
143
21877
18830
20750
21902
19343
9614
20366
21518
17110
5519
1679
10887
17807
2063
2447
18951
3975
1750
18183
19719
18646
214
21255
21639
9046
18355
21043
15893
11669
20117
917
2227
7219
493
8941
350
11169
18849
21153
2797
14174
417
6494
11937
7262
12321
3410
1569
15777
16929
8865
5714
9938
1300
20884
1684
3220
8212
16433
5836
15820
6069
17973
18741
19509
3308
16364
19052
1639
2407
1005
1389
3175
5997
4711
8301
10087
16231
8685
10989
2892
9063
14028
17127
14412
15564
1015
1399
2167
4471
5623
7543
11767
12919
14071
453
9669
15429
16197
315
1851
19653
2619
3387
4923
6843
11451
11835
12219
861
1629
19677
11400
2077
11784
9373
7202
12936
464
13981
9122
18696
2384
4702
14365
19106
3536
3128
4280
5470
10832
19357
7352
6238
11216
13112
7006
12368
13150
15416
4856
5240
19448
3243
843
3147
16587
935
3623
10151
14759
16295
17063
6890
10346
15338
16874
1238
4310
19178
19562
5078
372
1908
9686
9972
16214
13044
2543
4847
879
5231
7023
16751
261
13167
19823
2181
3717
1119
1887
2659
10629
15087
3811
13791
19695
5731
2504
19551
7880
9955
11720
13027
97
3553
12488
10849
16099
12872
19171
11233
7834
16712
12385
14746
18632
19784
14689
16282
1184
3104
14624
17050
18202
16544
18970
18080
1644
6636
15468
18156
2188
6028
7564
187
571
12556
1339
2107
14092
3259
5947
12475
14476
16699
19387
502
2340
1654
5796
16630
7716
339
17700
4563
1878
2262
18468
3798
9555
19236
16086
2689
15699
16129
18774
1315
1699
15139
18211
17239
3028
2052
17623
5332
12804
18391
8404
2149
4069
14548
6757
19540
9445
595
9917
6355
19045
5636
9811
12989
7172
17597
16004
1858
3394
19844
4546
9538
1844
17986
2612
3380
15668
2739
3507
4659
5427
6963
11571
14259
5397
6933
2818
8962
11541
13570
2324
1868
17794
4172
2708
18178
6860
6164
15764
9164
11468
11852
2562
12236
8322
14156
15234
2975
3359
12575
19487
2638
13006
18382
286
19150
1054
19918
1438
1114
5662
1498
12634
6046
12855
10270
14391
16030
1510
1894
2278
3046
2682
17554
3450
4198
6138
1725
19090
15165
19858
17469
14586
19005
15738
44
428
1265
1649
17324
3569
1179
2331
15473
3867
1089
1174
1473
10006
17307
2241
18753
13078
18459
1544
19611
2696
16150
19208
10253
19222
15629
19085
19469
2470
12838
2966
19366
4502
10646
18710
6477
61
1382
17341
10701
4838
5222
18877
7142
19261
70
7526
2758
17734
14054
7236
18886
15590
544
2848
15974
3616
5920
6688
17824
2368
5440
6976
8027
12736
8795
13888
473
2393
1604
3161
1988
5849
3140
4676
8153
985
7897
6212
15833
11737
8132
16985
12505
11588
19289
12889
14276
14041
19268
15577
2555
1764
11387
5988
18265
4754
9828
19033
12539
1044
1428
6290
13668
14459
4116
7619
18578
19812
6420
19730
6804
8387
11028
11075
1164
19476
1932
3468
5388
13379
2019
10380
4323
14531
5091
10764
15299
14988
695
1079
4224
1463
136
6455
3208
6528
9352
9143
7296
11656
14135
18816
1332
19336
19895
2100
2484
2868
1792
3252
4480
9012
15616
2629
5701
12613
14772
16308
18373
19380
1830
19909
14118
926
1310
1694
7454
2463
4767
6303
637
6078
19743
14845
14910
16446
16381
19518
19902
17917
18301
19837
172
11
2315
3628
1159
1094
3083
6316
4615
1478
14603
17452
8006
13447
15751
15686
18220
7057
1349
9745
9029
3227
13201
16325
17435
17093
767
18193
18587
5375
8831
1025
9215
1409
4524
4865
6060
5249
2255
12287
9900
17999
17153
14975
13356
18767
17537
16895
17196
18689
19073
1664
7040
9728
293
4133
619
14720
4901
1771
15872
11045
2923
17024
10219
2287
18560
3055
18283
6511
1757
7279
1209
3677
1977
4829
14191
2361
655
7737
5213
1423
11357
8719
14429
9487
19805
2127
15247
2511
18319
18639
18703
1293
3213
7437
1718
14733
5942
3352
17037
18998
7960
6368
870
18328
2790
5862
11622
13926
49
15846
3121
18097
582
18865
1219
19633
4005
2118
5827
11203
3654
15525
446
6342
1214
11971
12102
3518
10287
13502
1574
13638
4646
6950
16574
19014
526
11558
5902
18958
16934
20110
19622
1035
19851
5169
3647
5567
9407
11327
787
3475
14015
18835
4606
15551
7678
8446
16510
18046
713
205
3785
3661
19789
16073
399
2703
1929
9504
7695
19529
5001
19872
16527
13833
18063
18441
19215
18825
19983
1522
14962
18418
18802
1619
13523
18515
675
1059
1443
2211
4515
17571
606
990
2142
3294
1129
19038
7657
8425
13417
14569
106
1258
3562
18409
14314
19945
9390
1144
4984
17002
11310
19192
19690
13998
16686
971
1739
3275
8267
2421
13557
10955
17781
19019
19317
3541
11605
13909
14798
15182
15061
17486
20053
19406
277
1813
2727
6037
408
6567
14101
13464
10023
1233
5483
4689
6251
13095
19455
5457
7403
16167
6225
9707
6993
20075
12753
14289
1711
9775
18991
19759
390
17670
1199
5039
8111
6429
12719
1000
2536
7581
12136
13871
11805
13288
14824
18717
1799
15208
150
2567
2951
2070
2454
5805
4103
10134
13485
6407
15126
14637
19350
6791
5961
16557
10185
18477
11015
19245
1099
1483
666
3403
14923
