3632
7472
3603
7925
4437
8793
7534
7569
1748
6354
344
3809
305
1077
9068
699
5691
4488
1693
3166
4381
555
2774
8175
4321
8602
3876
3414
8868
5335
2564
2996
514
2638
6327
7863
1426
8253
7674
406
2470
5821
3142
614
6980
6745
3218
5627
1812
6455
6400
7607
6853
6923
5957
2177
3749
2923
5227
141
5174
7053
1638
4527
2886
4670
1294
2830
4128
5280
467
5075
174
6250
3275
6037
4632
2385
3119
7965
4758
3019
6620
3354
7194
2614
1154
3458
3554
5566
4042
6119
4810
5755
3506
6157
2236
7406
6073
8377
2800
7338
6689
7723
8491
2691
5392
995
4470
2746
7138
2106
6509
7801
5123
5507
3191
3959
1998
8976
4976
3845
7280
2856
8816
485
5450
3689
893
4560
1899
2667
250
3312
8110
9370
9940
9410
9451
9176
9206
9757
9120
9891
10045
9301
9236
10026
9095
9081
9336
9844
9497
9672
9606
9552
9994
10075
9268
10105
4409
4595
4870
6559
794
11315
10190
10543
10604
10365
11030
10215
10711
10549
10255
10308
10567
10453
10952
11052
11223
11607
11493
12077
12260
11771
11414
11440
11714
11570
12141
11369
11689
11203
12114
11461
12044
12011
5889
12352
11967
11273
6811
3250
12505
11747
11540
12484
10786
3371
12308
1525
12331
4238
12449
12409
12538
6279
12211
2721
5025
11937
8030
11870
