6923
7723
8491
10075
3275
2923
5227
9451
11771
5627
6811
5691
3019
2667
5755
6620
12044
10604
9068
11052
6157
5821
7053
4381
9757
8253
7965
6509
10365
4238
8110
4670
7406
2830
5566
7534
2638
8030
6559
8175
10543
10255
4527
5392
12352
2800
8976
3632
7472
6400
5280
11440
4560
9552
4976
7280
8816
2721
5025
4321
5889
6689
7569
3809
3218
11714
6354
7138
2691
11203
5075
5123
5507
11315
11747
11540
3876
9268
6980
12484
9844
2996
12260
9301
5957
7925
6037
3749
6853
11493
1525
9606
2774
1638
4758
5174
2886
11223
11607
3191
3959
6279
6327
7863
10215
6455
7607
5335
6119
4632
9672
2856
10105
7801
11273
11689
12505
6745
9081
9497
6073
8377
8793
9994
10026
7338
2746
5450
6250
8602
4042
12538
3354
7194
7674
