395
411
427
443
459
475
491
507
363
379
396
412
428
444
492
508
364
380
397
413
429
445
477
509
365
381
398
414
430
446
462
478
350
366
382
415
431
447
463
479
495
351
367
383
384
400
416
432
448
464
480
352
368
385
401
417
449
465
481
353
369
386
402
418
450
466
482
498
354
370
387
403
419
451
467
483
355
371
388
404
420
436
452
468
484
356
372
389
405
421
437
453
469
485
501
357
373
390
406
422
454
486
358
374
391
407
455
471
359
375
392
408
440
456
472
504
360
376
393
409
441
457
473
489
361
377
394
410
426
442
458
474
490
378
