2942
2933
2583
2930
3473
3025
2563
2761
2803
2881
2660
3288
2900
2648
3037
2609
2657
2764
2791
2924
2978
3536
3512
2782
2936
2845
2666
3060
2927
3043
3427
3488
2785
2842
2572
2875
2806
2851
3108
3028
2621
3010
3031
2948
2612
3123
2709
3093
2636
2975
2818
3034
3046
3430
2715
3464
3099
3066
2957
2966
3021
2854
2758
2749
3142
3133
3526
2848
2918
3136
2651
2939
2700
3084
2824
2688
3072
2615
3013
2580
2630
2860
2833
3467
3455
2945
2597
2981
3055
3439
2909
2639
2737
2755
2575
2830
2697
3081
2633
2703
3087
3442
3539
2893
3448
3049
3433
2794
2773
2712
3111
2863
2694
3078
2589
3117
3018
2884
2586
3479
3120
3458
2897
3063
3052
3436
2606
2857
2663
2869
2878
3451
2678
2788
2992
2890
2887
2872
3001
2800
3114
2827
2821
2903
2691
3075
2915
2731
2685
3069
2972
2746
3130
2954
2743
2569
2770
3485
2669
2839
2706
3090
2809
3040
2812
2969
2672
3461
3007
2767
2921
3519
2725
2776
2779
2740
2734
2815
2728
2600
2984
3126
3876
3482
2566
2719
2618
2675
2681
2866
2987
2722
2603
3470
3379
2995
2797
2654
2642
2836
