395
27
427
59
155
539
571
603
635
267
299
331
363
396
28
428
140
540
572
604
236
636
268
300
332
364
397
29
509
141
541
573
605
237
637
301
333
365
398
110
510
142
542
574
606
238
638
270
302
334
366
479
111
511
543
575
607
239
271
303
335
367
80
480
112
512
144
544
176
576
608
240
272
304
336
368
449
81
481
113
513
545
177
577
241
273
305
337
50
450
82
482
114
514
146
546
178
578
242
274
306
338
419
51
451
83
483
115
515
147
547
179
243
275
307
20
420
52
452
84
484
116
516
548
180
244
308
389
21
421
53
453
85
485
117
517
149
181
245
629
390
22
422
54
454
86
486
118
518
182
630
278
391
23
423
55
455
87
487
119
183
599
631
359
392
24
424
56
456
88
488
184
600
632
360
393
25
425
57
457
89
185
569
601
633
329
361
394
26
426
58
458
154
570
602
634
266
330
362
