2363
6251
4363
10539
3275
3739
4603
4284
5820
3180
2812
5116
3980
9372
3244
1372
3708
4124
3052
9980
3085
4621
6237
1261
2413
1309
5181
7517
3725
3437
4205
12334
5806
2782
9710
1278
4350
4750
5134
10206
3694
11406
3358
3406
15
4655
2431
1695
13343
4159
3423
3071
5759
2368
11344
1392
10240
640
12321
12369
8177
3217
5153
4417
3313
2961
353
3522
3954
3250
9778
1810
6434
1219
3203
8995
3347
1827
3395
2275
1988
1252
10484
4724
6434
4388
4484
276
2357
4277
453
2005
2837
12069
3717
5733
5782
3110
4262
5814
9718
150
9382
998
2198
3847
3095
2343
8871
5063
3191
1303
9799
12135
4183
392
6328
5208
1016
9880
3752
10777
2377
3145
3161
2441
9817
2569
329
9258
4666
4378
4010
4474
12954
12234
3450
