5451
4299
5051
3899
1627
3931
3595
5579
2459
5563
4992
3920
8528
1168
3552
5088
5472
4432
576
1808
1104
2459
4459
699
1067
3003
5148
4480
4976
144
5152
3905
5041
5057
4305
5073
5457
1553
4465
3601
1441
4529
2529
1345
4290
5874
5106
1618
3890
4274
8466
6146
4258
5698
2194
2994
3010
2674
4450
994
3586
514
4243
3571
5491
8531
3555
5091
5475
4963
4979
1491
2979
179
3267
3908
5060
5044
4996
5076
5460
724
1444
4532
3252
5109
4293
3893
5445
4261
3925
8469
2533
2197
2997
2540
5148
572
4236
5004
1612
4252
4284
3580
2677
4453
5557
3589
4437
1222
5878
4310
8534
3574
5094
4246
3558
4966
1814
4982
2982
182
5479
391
4999
3911
5063
5047
6151
1623
3543
5079
5463
2407
4471
3607
4519
1447
3255
3271
5112
824
4296
3896
5448
3928
4440
2456
3592
3000
2680
4456
5097
3577
1225
4281
3881
4313
4265
4249
3561
137
4969
1817
4985
2985
1833
5145
185
2537
5482
7786
3914
5066
3546
5082
5466
8538
3274
4988
2988
1836
4236
5004
1612
4252
4284
3580
3884
4316
5100
3564
4268
4522
4474
3258
3917
5037
3549
477
5085
5469
5485
4477
925
4525
5661
1805
1101
1341
3261
4429
4302
5070
3902
5054
5454
94
3934
3598
4446
1070
3006
4462
4255
1615
4287
3583
3887
4271
4319
8543
5103
3279
2991
2079
4240
3568
5488
