5115
6267
6651
8571
9339
5864
7400
9320
8535
9687
4478
8702
9086
9854
5730
8418
8802
9954
560
5552
5936
6320
7088
8624
1781
2549
4853
420
9334
7332
9636
10020
339
723
342
8787
9555
4950
10323
8790
9558
9942
769
8833
10369
7075
7459
8995
2647
8404
9175
9172
10327
9940
10229
3132
6588
9276
4673
9281
10433
2861
5549
8621
9005
10157
7082
4692
8916
9300
9684
10452
2277
6117
9573
327
711
2247
5703
9159
2199
7959
8727
9495
9879
10263
4740
7428
1381
8196
10116
2533
6757
7141
7525
9445
595
2237
2621
1796
7507
10195
6845
7229
4868
9533
8708
9092
9860
10244
1858
2626
6850
7234
8386
2228
7604
9140
10292
3123
7731
8883
9651
4629
6933
7701
8469
10005
10389
4738
5890
8194
8962
1172
1868
5012
6860
7244
7316
8396
1410
4482
7170
8322
9090
4511
10242
5663
7583
8351
9119
9887
10271
4942
6478
670
9550
1822
2206
6046
6874
8734
2871
8794
9946
10330
8631
9015
6886
7654
8422
5754
4498
6717
6034
8253
6802
9210
8338
10362
9874
10258
9789
5036
6956
2801
9644
1179
8561
4635
7323
6166
9238
9153
9622
9537
9921
4616
5000
6920
8840
9608
2189
9869
662
2966
6310
8230
5654
717
2253
6093
7629
9165
10317
5222
8893
10045
8678
10429
9062
9830
10214
7366
8134
1476
8518
4548
544
6468
4768
5152
9540
7072
8224
9760
2752
8512
8896
2393
2267
2651
8411
9179
9563
8537
9305
9689
10073
3140
5828
6212
6745
7129
4452
5604
6372
7163
8676
9083
9060
9467
2196
9828
10235
4754
2580
6290
6420
8210
7572
9362
7956
707
2243
9923
2316
6924
9996
1251
8163
2231
2688
6455
1288
8375
10295
6528
5128
6912
9600
8200
9736
10120
5556
6708
6953
7337
2560
7721
8873
5632
6784
2629
8389
9157
9925
1446
4518
7590
7974
9126
10278
1310
7454
9758
8607
637
5629
6781
7549
8382
9918
9469
10302
1931
5003
8843
9227
1324
6700
9611
7468
10379
1862
391
9772
6854
5767
7238
7303
9542
6673
539
8593
5189
8977
5573
9745
6725
6683
7451
8603
8987
10139
2303
4607
5759
9983
641
2945
1103
2639
4865
2988
8705
4559
9857
9900
6863
9167
9935
2816
4736
5504
6656
7424
8192
8960
9728
2597
5669
619
8741
9893
2539
6379
9835
6511
2525
9583
9967
5597
5981
2745
7133
6201
7517
655
8285
1423
9657
2575
10041
4495
6415
6799
8719
591
4815
5583
9423
4749
2486
5517
8589
9357
9741
486
7094
9782
1848
8760
9528
2930
5234
9458
1169
2321
7697
8465
9233
9617
10001
1873
2257
5713
6481
8785
2517
5589
5973
9169
9553
8277
8661
9429
10197
6003
6387
9075
10227
679
4903
6823
8743
9895
5646
6030
4504
5600
9056
7576
9440
10208
6246
8550
830
549
2366
835
4773
7110
5157
6595
4670
8646
7363
6693
5822
10182
8613
8515
10051
6206
10435
9765
7358
7742
9278
9662
5679
8367
8751
806
9519
6950
10022
10406
6670
5643
6795
7563
8331
8715
9867
3633
1343
2495
9777
9023
766
2707
6163
6547
1150
8467
9235
6142
10366
1865
6089
399
6857
4429
9545
4813
8269
9421
7311
2592
8463
9615
1161
7968
9993
2674
7666
9202
9586
10354
5843
7379
10067
7971
10275
1374
8670
9054
9822
2281
8425
9961
1258
5098
9706
376
6904
8824
7470
10360
2891
4811
5963
8267
9035
9419
9803
10187
2805
7413
9717
1237
2773
5077
5461
6229
2510
5966
7118
8654
9038
10190
1191
1176
2343
2328
4885
6805
8725
6183
6552
9493
6567
8856
2411
8871
9639
9624
1407
1233
10008
10392
4863
5073
5247
8145
8939
10065
6015
7167
8319
10239
9775
10159
1158
6534
8838
9990
2351
5039
7343
7727
8879
616
1384
2536
4840
6429
6376
6813
6760
7144
7965
7528
9117
8680
9064
813
2454
5255
2733
6678
10134
5805
8493
8877
10029
6729
8265
9033
331
10185
2635
4939
9547
2202
9931
4506
9498
9882
8156
8394
8924
6340
9162
10076
7492
8644
9412
9796
1462
1943
4918
5015
6838
5783
7319
9142
8471
1154
5378
7682
9602
6242
10082
5808
6960
9648
4588
7660
9964
8439
1948
4817
6353
9207
5020
5566
6334
6556
8657
7708
9406
10174
572
2492
4796
686
1454
7598
9134
2506
5194
2822
5894
8198
8966
10118
1321
6313
8233
8617
9769
10153
1895
2663
565
5735
1333
9575
9959
5173
9595
9979
7477
9590
9974
1427
10358
5267
1905
8723
9107
6129
6897
8433
8817
10043
690
5682
6450
4708
8370
8754
9138
9700
1202
2738
2224
5042
2992
7346
8498
10034
10418
1165
6157
6541
7693
9613
583
1351
2503
5112
345
1881
4953
6489
8409
9177
9561
8642
9410
10178
1377
4449
682
1834
5674
1404
8159
9695
8316
8700
9436
1267
841
5959
8263
6648
9799
7416
9720
1468
4540
8764
9148
4718
6254
5058
5442
7746
7593
8361
9129
1465
2617
6841
7609
9145
5131
7051
8587
8971
9355
1336
4792
5560
5944
7480
9400
1347
5488
4803
5872
8176
9712
2849
9258
7457
8993
10410
1242
5850
427
1195
7386
3115
8491
10027
704
2240
4544
5696
4443
5211
8384
10304
8283
8667
9051
9819
4624
6160
2437
6544
10384
4897
6661
7045
6817
7201
8581
9733
6359
8279
8663
6147
8451
8835
9368
2826
5514
6666
611
8202
9738
10122
5987
7523
6390
7542
9078
6909
8445
388
5764
7300
9604
9988
4892
5660
7196
9500
1802
2954
625
4465
5617
7153
442
7537
826
8689
4666
9841
10225
7354
7738
8506
8890
10426
2221
4909
8749
455
1223
5178
7098
3143
8634
8903
9018
2530
4834
6754
823
7138
5047
8674
10210
8887
10039
4489
7177
6284
8329
10124
628
1396
4468
6300
7540
9844
9756
7135
8287
3154
2717
5458
8914
8861
9682
10013
10397
1248
5856
8544
8928
9312
10080
2669
9581
1303
2839
2809
9337
7063
8215
8599
8983
6888
8808
10344
1278
4734
5118
8190
8958
9342
10110
786
5064
5778
5448
5832
6600
8136
10440
6306
1283
5507
9347
9731
1271
8567
2272
8800
9568
4686
5454
5838
9294
4732
8956
9724
10108
380
4988
1296
10364
2448
7056
1471
665
9151
9535
2288
5657
6041
4592
6809
7280
7193
9200
10352
8729
6917
7685
8453
1316
8228
9380
10148
6696
7080
9000
7759
10063
4713
10447
6249
8169
5093
7397
8165
8933
9317
10085
1808
8336
9488
9872
10256
2632
6472
2922
1226
1215
8522
8906
10058
5226
5439
10442
5610
10047
10217
2418
4722
8178
8946
9353
2937
4857
6393
9081
10233
2813
5885
8573
5742
8430
8814
9198
10350
4681
5491
8563
9289
9715
5185
9793
622
2542
6382
7534
8302
2193
740
4881
6500
5649
7953
8804
9956
8721
9105
4440
4824
5208
9048
9816
9044
4957
6877
9565
5029
8869
2713
9241
336
720
10320
5739
6123
6891
8427
8811
9195
634
4474
6010
8314
5080
5464
8152
8920
10456
6619
8539
9307
778
2698
5770
6154
8458
820
5812
1392
8500
9268
10036
10420
6190
2431
424
5800
8488
2984
10280
2880
4800
5952
7104
8256
2334
8478
1229
2765
8525
803
1955
2723
6179
7715
8483
4662
9270
9654
1877
6485
7637
10325
794
6938
7706
8474
10010
10394
1414
6790
8710
7558
9862
4787
5939
7091
8627
9779
5023
7711
7327
437
1205
2741
8885
2234
4922
5690
8378
8762
9530
6713
9785
4595
8435
2522
9434
761
2297
4601
4985
6137
6521
8441
9593
1274
5498
8173
10113
8577
9345
1330
10100
10267
5876
2036
7579
8731
8356
676
1186
6736
7504
10192
4642
8272
10402
8217
10283
5145
8363
9131
7330
7211
8846
1934
2702
9998
598
8414
8207
9743
5511
8583
9351
6293
7445
8213
5141
4915
9523
734
9182
2797
417
6945
6494
2642
9709
8481
9633
6098
9938
4756
10132
7060
8980
9949
10333
1362
5202
5586
9042
728
2264
8792
348
1884
4572
8796
7601
9521
10289
9185
5068
7372
8908
10444
1845
2997
8757
9525
1388
6764
8300
9452
10220
4845
5997
8935
9703
9837
1356
5607
8295
8652
7159
2757
5445
7749
9285
10437
699
1851
9915
10299
1245
2781
8541
5640
4765
5149
8712
5666
8354
8221
8738
10141
9122
9506
9890
6608
7376
8528
5086
1400
9464
5163
9003
10155
3147
6219
6603
8139
9291
2855
7463
9383
9767
2666
6506
10346
372
4694
6614
7382
8150
8918
10070
4980
10454
5748
6900
8820
9204
8559
9839
1887
8943
9327
645
5727
5637
1891
8325
6111
4579
7651
6879
9951
10335
9571
4808
8648
2785
4705
5089
9697
4762
7066
9754
6560
10400
5868
7404
9324
1420
2572
6412
1339
9100
5563
7483
9403
10171
