14715
137979
235899
177512
205544
40407
246615
52094
181118
214142
248318
119010
266850
73136
176432
244784
33939
61971
86163
28661
95093
143676
178620
268092
118035
149237
275004
173429
257141
31937
17453
46253
40769
74669
118445
65729
217409
243137
32426
40490
145706
250154
44244
102228
121812
159060
159444
178149
251109
107463
143943
296775
74424
177336
30962
49010
46481
94097
5713
168913
202321
237624
44019
74739
163442
102003
290162
146931
215667
79399
238323
38286
32899
203815
165763
169987
8642
108129
41358
115809
35138
234883
147417
118497
39362
154713
156633
70158
127713
139970
286425
247207
295591
223298
39263
100092
266975
257121
18652
18730
242567
1697
15066
76074
142838
200248
200438
31265
91434
100156
175243
7899
155452
253837
94576
43169
16033
75267
268307
30469
75079
3671
220600
141738
50778
285594
52314
199051
156487
178849
42757
164129
126339
43819
92379
221884
31485
96880
42176
206881
129027
24803
173767
77783
266680
47545
235866
23562
32483
66368
74048
21750
34787
65680
199111
66859
128637
75664
174064
138560
52835
148086
252103
96599
60601
46986
25628
149373
200107
101528
75491
231868
197293
195568
179978
209115
75164
214653
130192
148928
10609
208033
146147
43012
157208
31753
5434
149130
273290
8887
118276
76316
15815
27066
117276
22498
149898
165690
244764
20410
111169
51292
181057
3187
18788
27721
38698
266569
270595
117092
117476
274435
17011
5649
21235
118628
149262
111964
176142
184513
16401
28531
75860
199652
163032
103210
264548
4462
6738
3032
277220
36753
74995
96622
18008
107374
187996
44124
111214
39057
57810
81523
212180
41816
74845
174993
194653
149586
17585
218026
195421
156882
227676
294493
153070
184897
54449
57569
169554
205272
52184
231850
107635
34636
128755
59212
259932
143469
301789
100913
158707
259412
7605
79832
118892
165619
217153
194419
19125
27879
74316
258652
197228
213619
73653
87399
211544
74700
199217
95692
142284
272876
23133
269873
41157
86709
217944
266328
46173
178791
200519
91916
257436
111644
54751
50929
23890
47458
129796
134839
257735
182168
161802
101641
169868
26592
67426
201752
59602
104713
235928
91231
154756
124316
106781
34272
58225
110290
216419
170116
139607
292376
59880
160009
40446
200429
271230
163997
43872
163520
196306
170048
196544
200466
81888
231104
78193
220050
210514
230627
172036
2164
124872
162408
300570
156360
163081
181847
248068
217175
167946
218568
245207
171402
59380
163868
26617
261404
82272
102769
303762
13986
269188
140788
298583
300360
65401
270217
244746
247050
91513
293458
196200
128497
185329
129539
244663
4759
266472
93817
171779
273000
119136
174196
503
59287
239328
20704
81186
178691
271732
27383
75415
305640
91127
135703
12366
197507
245047
104567
24700
245111
66556
264476
91004
91086
159712
201347
250487
172951
79612
178528
26009
147918
6672
239216
113442
267395
6308
273911
99193
35993
137477
44708
141456
149765
91176
24511
245070
200592
107417
302286
49855
45968
299267
122660
170501
218280
8169
105721
186521
262277
125285
712
17992
234
124796
270437
251688
35272
63849
7146
147452
269352
163305
6218
177404
97386
195991
198856
259580
43082
47346
1983
72255
83791
66751
115698
286949
229399
213064
192489
230905
187241
166346
149311
195530
155071
4857
200720
195914
215359
253712
193257
307321
53513
73209
305354
265039
92409
107769
293704
101439
175737
169481
32381
34158
280592
253193
126450
175551
104814
7717
106493
278121
217458
124925
111342
156797
199278
276543
265296
249714
77989
293143
280841
250109
96747
294642
124837
169594
195819
163621
231915
194725
265707
208549
17752
12763
106456
28810
79195
135562
168283
230410
170203
183259
20976
38452
111064
34032
165556
26239
40944
249268
117208
107944
150232
118702
27775
149672
120238
73471
960
87024
267316
194344
230488
164264
66624
3870
200539
116208
5022
199152
281384
169374
178974
266189
306728
36131
65315
73763
97571
157091
168995
244259
7350
80310
112950
195126
294582
310250
310996
309065
309667
310667
309387
310481
310339
308380
308087
308764
311552
310322
310208
220373
22613
92885
154630
195718
32134
65158
135347
178739
217523
245023
248479
174751
2335
66463
107573
2741
274613
296501
437
102458
111290
119738
154682
165434
21434
279866
305978
4922
312157
314435
312189
108857
134969
179897
198713
112115
117875
127091
24377
286265
312621
313984
62777
163187
314752
18419
197363
71609
315155
82745
313743
312120
314814
315052
313159
312403
315384
314213
313710
314245
312576
315583
311640
314492
312844
314640
313406
100442
137690
312464
37466
314302
314899
313503
311859
312246
141305
17273
20345
3449
156281
268793
242042
73082
202497
247809
134913
145281
197121
40065
29746
107698
228274
65842
111092
32539
46363
217076
9883
165403
294052
36388
14416
60196
211024
180004
65104
157858
91600
306850
106576
313552
92962
60057
245794
111897
125337
97835
2603
297515
196597
150671
223093
1166
278030
223247
260879
223118
301454
274319
295055
154582
5903
24327
149511
112435
195605
119347
74645
15283
178483
209587
239155
66355
36205
107245
14701
142881
195949
29293
246945
64621
115922
6878
75757
17313
200481
6482
98258
108052
295444
7828
304344
154606
59489
8695
158830
73053
30267
200679
200528
147276
74589
170350
251216
107105
41925
89397
35431
201831
9847
65912
98952
302936
66117
33464
128888
233319
56158
268496
117597
116321
135262
163371
167901
239585
155589
41575
104504
216056
159240
124876
92647
228300
250053
276344
167
17642
292011
167500
5149
251873
114151
129191
12151
237960
28394
20811
157597
169036
9302
237772
33002
36063
78411
232093
33135
91359
267233
25699
50676
87813
91701
11990
179879
30199
2888
28954
52970
180021
137575
33763
164703
2401
108399
15944
2543
46112
142923
7020
137834
108259
72992
178911
16751
72763
128364
35596
155247
17519
200031
108704
71905
125155
27350
226663
219815
112759
141896
37018
224234
169071
137443
40559
158024
177878
23041
149231
179041
26113
135031
20868
73915
99724
155759
34945
180577
7459
155347
84435
76452
41988
242292
243926
133750
65622
196087
109112
164552
200986
12067
39106
258679
244970
50689
43268
21076
42562
168019
201032
217498
47667
307771
160396
265967
206209
249922
240819
65059
131364
56580
22996
287988
161238
61399
270536
289306
179252
8765
8085
270806
50708
75965
47637
65236
238693
72916
8014
247564
171596
196157
91294
8398
9119
164866
166146
234963
77588
242436
218452
97941
273110
166998
17242
175052
253779
34522
92446
72863
154654
197662
54874
23991
9921
289639
5489
135105
110111
6138
795
178124
227261
292894
110542
265631
283009
19313
142785
190978
196482
293331
101780
139044
223893
220150
42423
109448
135898
279162
157462
278
4109
215828
129358
21147
165463
16940
1430
14758
217687
177444
143169
16452
36507
2253
14861
24086
165850
73030
98715
37676
21565
169613
21837
132046
30880
190577
250305
207490
283412
122820
301078
90310
53926
106982
194582
80055
256087
238810
52652
37792
29074
33853
23757
178500
116012
277142
143799
174344
347
196285
147545
18880
76192
75538
126380
195035
195884
202073
117147
202028
174525
237197
31053
32704
200608
274881
203026
34404
199620
243639
175112
302681
107353
143259
292232
112576
218139
34883
219865
32786
44493
49932
16611
28283
42084
199101
177347
278723
75332
195468
97019
288573
67149
44928
123026
154851
113732
46692
248772
78886
17958
22408
68393
104614
74790
196707
75597
154910
218747
3348
295630
640
200547
247395
257220
8340
303227
23293
258974
26430
67584
11392
238594
242834
20148
67044
15636
10309
252838
144678
276279
6071
27198
222124
165504
14903
180096
118116
17975
27974
33684
293535
100235
20279
4231
266258
40638
15359
65800
268427
304684
45228
77053
80574
26879
300017
3985
98484
219492
62100
581
300838
72518
13447
37943
116104
21701
111252
258757
157332
28177
108545
262597
2048
33553
169670
233364
25115
80875
124637
136189
85182
56047
99455
262784
17888
66304
104977
117761
126132
140357
58661
78647
277768
7960
156713
175384
59727
195328
163739
277247
163241
217216
280703
52559
36621
143567
8997
22705
154987
115729
115766
3270
117649
168043
272027
174955
53133
274397
212605
67262
110031
1039
79023
236495
63584
230272
119473
188689
25905
136577
217027
54182
144182
33606
139319
24633
169253
8255
34831
169925
30355
36294
77246
35769
92815
158903
98062
39187
117387
222571
156555
232461
175934
112270
39550
43407
122303
189583
281775
215089
138801
168449
111763
178469
125222
169142
105414
294327
293896
210057
183993
29513
179126
219531
116734
142502
119910
8818
244861
19186
3744
180353
143230
7200
248973
250814
233230
117054
173182
148239
144975
118560
215473
170673
120595
33491
88227
267828
199334
255542
165065
244943
289603
169811
235046
180273
17101
9208
16105
178558
252523
52045
11694
168798
247294
262463
248015
103663
97760
298240
224544
155155
304195
192198
107512
219705
46057
254031
122488
174560
195294
244830
38987
5198
151230
249551
283616
296244
37365
183544
217834
218602
35029
278635
76590
143317
74919
128533
158766
91047
16235
110795
278542
218670
10958
14383
50175
194959
248917
92583
275215
163134
74193
47733
126207
25166
293631
93902
25451
25005
179533
141597
105038
271422
5807
111441
166773
111126
144423
26344
143382
42287
16842
47817
298407
27496
1348
142670
134865
296598
39016
16687
259510
178652
12484
126234
27439
269229
156011
26827
238172
194509
160797
277070
47279
92719
1584
259281
43588
221301
265542
284086
121367
304935
68968
100041
135450
76746
107850
195247
38114
22658
92491
201930
5564
31152
286511
220207
52599
4972
201707
137419
20540
21484
225613
166557
123696
19025
182402
116450
167236
142982
306471
64119
261705
136986
299466
21916
27566
156422
128465
235010
169756
180230
41862
7093
156311
117310
178588
34451
21301
236539
273515
289531
158396
88684
233757
138158
130769
32625
271106
113171
181828
75445
169350
296966
1910
171287
146663
132855
116584
22825
151962
170886
43945
158193
111541
157742
143080
196009
27638
1252
156978
275051
46000
115859
196526
244998
146363
257995
169708
244910
52528
223473
286082
177714
125075
70756
251142
86390
6407
256871
249832
285865
44362
65330
285614
97202
14605
33287
92534
181170
154802
217553
158651
120973
220848
295298
164402
262194
204563
114806
71303
30840
49354
37564
4290
197572
8558
117570
244804
83260
52718
289968
146754
290116
233592
251418
150057
18247
245092
15544
149442
297700
117998
165954
135181
169641
253737
200514
18571
180877
138350
26992
39751
119608
19897
28074
858
264858
