444
1985
357
242
17
1169
597
225
1834
115
600
1124
1368
733
1605
93
1058
824
80
1703
1908
322
1306
876
900
340
2052
705
1940
951
1964
1725
1265
790
601
1369
445
1606
1604
311
276
1428
483
867
396
41
1408
1061
155
1927
128
1771
825
207
687
224
446
1603
526
1056
1865
1059
370
83
106
669
277
1959
875
81
331
1099
1197
1244
666
791
1922
190
275
686
181
379
1646
484
50
1202
1970
1933
313
1468
1602
952
1195
42
1194
1057
599
1290
1398
1917
1453
668
826
1802
1978
1607
55
82
1896
1170
1608
1992
1230
1998
528
1680
168
137
1661
1902
409
40
1206
1946
1082
1370
513
667
1744
1060
1186
1954
598
527
1645
734
1185
916
148
