395
27
811
827
459
139
923
555
187
571
587
1051
1131
363
428
124
892
524
908
988
620
316
716
348
732
1148
764
45
445
77
845
477
861
93
109
541
941
957
205
605
253
653
1069
1085
798
462
510
158
174
222
1006
1022
638
1102
366
750
382
63
495
879
143
927
559
591
239
1039
1055
303
335
735
1151
768
16
784
416
896
528
544
192
608
624
272
1088
1120
401
817
833
465
849
481
97
129
913
961
225
641
321
353
1137
369
1154
2
386
34
434
866
978
658
1074
306
1106
722
738
419
803
51
451
67
499
515
163
547
179
563
579
243
259
1043
291
20
788
212
996
324
340
372
756
1157
37
821
837
469
85
101
485
133
533
933
949
965
597
229
629
661
1061
1109
1141
774
454
118
918
982
1014
1030
1094
1126
358
407
871
887
551
615
247
263
1079
311
327
711
343
1160
392
8
792
856
520
184
600
648
1112
728
760
425
441
57
73
89
105
121
505
905
153
537
169
953
969
217
233
1145
377
778
410
42
490
1002
1018
282
666
1098
330
746
