87
560
147
65
449
173
357
213
243
259
225
345
73
273
309
237
247
69
478
157
351
97
339
516
229
287
113
269
550
61
189
217
530
251
542
325
564
556
7
293
221
335
165
141
303
57
177
393
526
329
15
399
486
83
205
467
361
490
255
423
277
431
23
407
482
572
209
375
169
181
369
443
504
199
568
195
313
496
474
161
3
387
522
536
427
381
265
455
413
510
365
546
151
119
319
105
101
79
463
233
37
91
419
596
584
580
590
576
638
662
648
622
658
672
677
628
681
634
687
693
53
437
715
740
185
744
129
283
299
135
109
