11
1243
1259
507
427
1115
1067
139
971
347
59
827
75
843
1179
411
1294
526
158
974
1164
444
108
1052
284
1084
316
556
940
572
732
876
1247
1055
751
255
591
125
1197
781
959
765
717
1133
365
909
541
1021
1437
1037
1229
111
863
799
399
1214
830
1182
94
510
894
62
462
990
270
1422
702
350
1070
302
381
944
544
320
1136
1040
1024
1104
1120
1169
833
881
481
977
609
369
289
1089
145
529
929
65
1185
417
498
98
114
450
1426
514
307
944
544
320
1136
1040
1024
1104
1120
1043
1123
355
963
819
1169
833
881
481
977
609
369
289
1089
145
529
929
65
1185
417
83
1203
867
387
498
98
114
450
1426
514
562
1010
1422
1013
405
421
69
486
886
1206
822
1046
294
758
1126
742
1094
518
902
934
710
326
838
854
86
102
39
807
615
375
311
1031
247
1399
967
983
567
55
1239
871
1176
424
456
72
1256
120
1112
360
648
1064
1080
136
152
536
1368
393
25
1193
1225
89
105
949
1013
405
421
69
854
838
326
710
486
886
1206
822
1046
294
758
1126
742
255
986
250
