4094
560
2480
531
444
449
663
401
2901
654
4483
479
636
2497
499
3345
3687
355
588
464
541
632
459
372
623
538
4182
2436
613
595
4275
705
346
4354
1486
4570
1026
1126
998
1369
392
4502
454
1251
3555
396
564
520
1288
556
2501
1919
641
512
4459
605
1039
525
2445
608
582
2886
433
549
2976
4398
2910
4201
469
1053
2510
4647
661
875
2027
2635
429
534
386
364
3436
574
1910
3047
553
494
3062
484
2020
504
2488
474
517
3210
2531
1398
381
650
439
1012
2706
4242
546
1271
2044
528
2405
389
368
489
656
618
509
750
4618
2011
436
424
4416
419
1109
646
569
602
3201
683
2831
3038
