18843
2347
16587
3915
20107
3595
7067
20987
15275
17708
23100
20588
16028
21452
20781
14333
16669
14397
573
3277
22525
2653
17277
19998
1342
23630
15214
17902
16398
21038
14942
21886
21519
16543
15423
23935
17807
21679
17103
2959
1087
17599
17999
21120
8080
24256
20816
14528
22592
14993
21617
20545
15569
21393
18401
16258
20514
19426
18674
19858
8722
20851
1683
22803
14451
22163
15667
15044
18500
17428
14772
22084
20948
4884
19156
15749
22309
17381
20917
17477
6357
6757
19061
9077
23349
21077
20325
16902
7398
19718
18966
20214
22902
22246
14279
15495
20487
18583
5959
16759
5255
20631
18759
16855
16119
22680
18088
18200
14856
20377
7737
21993
2041
15929
23001
20746
19290
21210
16618
17002
20890
5578
18314
13354
17194
20698
19562
14586
