507
1275
2043
1256
471
254
354
531
915
444
1596
1980
245
2165
1325
1985
170
938
468
357
1047
1815
1553
597
981
243
627
1395
345
1881
636
1404
1447
609
993
1377
2145
95
1027
1411
1795
1993
1422
1124
1425
594
978
1345
1729
1885
1364
621
1005
1389
2157
348
1450
1834
290
1756
2140
1267
2035
1112
216
600
2000
984
1368
615
999
1383
1774
1630
305
1457
248
2168
588
972
477
1245
453
1461
157
1693
459
645
1121
495
1568
1952
1976
351
1015
1783
1747
260
1130
2159
1339
229
1723
1894
108
1765
492
308
2028
2083
132
516
1036
2006
342
332
1100
287
1055
1823
555
1323
642
405
420
1572
1270
317
372
1908
1174
1558
2150
378
278
1115
1883
1172
411
1563
396
1548
1879
323
435
1753
64
1964
1544
1928
1988
269
1805
483
1251
1092
1062
384
1152
1870
1606
1990
543
927
1695
2079
1682
2066
573
957
251
2171
1931
934
2086
326
898
1044
41
1708
2092
1432
1280
1068
549
1317
612
996
1380
2148
311
1463
1919
1288
1419
1803
1071
1455
1021
1789
293
2173
1829
1906
567
951
2103
257
2177
399
393
561
945
1201
525
909
486
2022
1958
1982
329
145
1150
1534
1059
441
1593
207
591
975
606
990
1374
335
1103
2026
1771
2155
1429
408
1176
558
942
1807
1024
1792
1678
2062
564
948
639
1407
534
918
1302
2070
429
2012
1327
1711
2095
1967
81
465
1078
1342
1726
585
501
969
2037
188
1333
1717
2101
198
582
966
1437
1821
1259
1358
423
1286
1483
390
1867
1768
369
302
1705
2089
1900
1361
1741
1922
50
1586
1970
1348
1732
375
1527
1354
1738
1911
120
504
1127
450
1074
1602
1065
432
1262
2030
579
263
963
1415
2020
426
1962
275
1336
1720
1697
901
2053
387
1539
630
1398
1084
1195
1579
1264
2032
1351
1735
1081
474
2010
570
954
266
603
987
1371
1978
381
2060
540
924
2076
1762
1759
2143
1441
1825
1304
510
1278
1133
320
1088
522
2002
1033
1801
402
456
480
1248
1009
1777
1012
1780
360
1888
892
1136
1904
546
930
2039
528
912
1541
1700
462
1998
1283
2051
618
1002
1386
552
1532
1253
284
889
1273
2041
1096
281
1817
633
1401
2153
489
2045
366
1902
447
905
1599
2057
1872
498
1018
1786
272
1040
363
1189
2008
1972
576
960
895
2047
1198
1582
624
1392
414
1182
1566
296
1192
1576
1187
438
1974
1109
1877
1178
1030
1798
2182
179
1589
314
1529
1665
2049
513
1714
2098
1051
1819
1744
1689
2073
921
1954
299
537
34
1934
2055
1671
1750
519
2413
1118
1106
417
338
