8475
3499
8107
1979
7787
3995
955
6347
4091
5627
8715
9099
7195
3371
3019
3787
4939
715
4187
6875
8027
5755
763
8827
3484
7724
3132
1244
8924
4332
6284
7452
5564
4428
2140
4828
7132
3356
3004
6076
8380
4572
3436
1916
5021
6957
7357
6221
3949
8189
4765
8637
9021
1741
4045
6013
8317
3341
653
6797
5277
1069
2989
7981
1485
5325
7629
9181
2669
6509
7277
6158
8846
1198
3886
6574
8494
4702
6654
7806
8574
1678
5518
4382
6702
5950
974
2910
5214
7534
3326
1422
2574
2974
9118
7214
1086
4158
5694
2270
4958
6894
750
8046
8814
2719
2735
7743
1615
4303
5455
2399
5103
2047
5887
7471
1359
2895
2159
2927
3311
623
1791
2559
2959
2591
4895
6431
1839
1103
6095
8399
3455
1552
5776
2336
5040
5824
6976
8128
2000
7376
7056
2464
2880
8656
9040
6368
2544
5648
1824
8736
2224
1856
1120
3808
5344
7648
8065
1937
5409
8865
6593
8945
1281
7825
6305
2865
6721
5585
2529
7905
993
4849
7153
7553
4513
5713
737
1137
4977
6530
4274
2754
6242
1298
8210
2850
4786
7490
8258
2514
2178
4482
3730
6034
8338
2610
8002
1506
8418
9202
4643
6179
819
1219
8515
6995
7395
4723
2835
8595
1699
3235
5155
5539
7075
5971
8675
9059
5235
3715
1443
4131
8755
9139
7235
1875
3827
4595
7667
1156
2692
7300
804
836
6612
7764
1636
2788
5476
2420
2820
3972
8964
3220
3604
5908
7844
3252
4020
6740
1380
4068
1012
3700
7924
7572
6820
4532
6452
6116
4245
789
1573
2357
3909
5061
2773
5845
8149
853
2805
3205
3589
6677
1317
3621
4405
3269
8277
3685
4453
6389
3749
5669
6837
2629
2293
5365
8437
3846
4998
7686
8086
1958
8886
8534
7014
870
3190
3574
7414
2102
5174
6326
7094
3670
1766
5606
8694
9078
4870
8774
726
5734
3079
6919
6551
7319
5799
2023
3175
3559
6631
6263
887
8983
2087
7863
3655
4807
7511
6759
1031
7943
6055
7591
8359
2247
4551
6471
1895
1527
2312
776
8456
3096
6200
3160
3544
3928
8168
4744
5128
904
2072
8616
1720
3640
5992
8296
5256
7176
1464
3768
4920
6856
9160
2648
7256
3064
4216
1177
3865
7705
3113
3145
3529
4681
8905
8553
1657
5497
7033
2441
4361
7433
921
5929
8233
2489
2121
5193
7113
1401
2201
681
3401
8793
3049
6137
4618
5386
6938
7338
1594
3514
4666
5434
2378
5082
5866
9002
938
1338
7882
3290
6778
4106
6410
1050
666
7962
3386
5306
698
7610
3034
3418
6490
