5096
2942
1122
5936
11964
7466
10452
9879
1169
3409
3000
8017
10680
626
2649
10562
7975
11431
6884
13326
12177
7122
11730
4052
5613
3265
7873
3370
290
10099
6744
5998
588
6764
4317
8517
10821
5637
6113
5159
2167
2282
12769
1090
1844
187
1765
3619
86
13526
8551
726
11239
11623
2422
11084
5663
7798
922
6165
12022
4218
5339
2348
9433
5036
64
6195
12227
2777
9550
5700
9924
3202
158
4134
7070
5830
13214
3231
7547
1921
11521
5542
2220
7188
11845
10284
11052
2033
12800
3455
5375
9983
11903
4919
6299
5245
6514
3558
9783
6921
8841
8777
851
4646
6995
9361
9745
8255
361
675
12095
12960
7503
3678
7902
4175
9706
5784
9109
6784
7936
12928
1710
2005
10158
13374
45
2733
12333
1244
6225
2886
9030
8930
2121
13257
4796
3741
7430
10363
10216
1454
9239
553
13425
11689
7600
8123
2690
3506
3063
6340
6135
1347
12279
9191
8184
3888
6450
12483
6628
4272
7396
8339
11297
13601
8067
6390
9148
8647
4525
12871
8714
784
11152
442
2828
11359
4834
2072
4376
1662
5741
227
9827
6848
8586
3337
4873
11785
9672
11191
13297
7656
3808
7036
1520
12834
4772
8444
10920
10748
5477
6812
1615
1480
5881
7375
13000
4089
1001
10617
9295
9065
13135
13038
10505
12402
10320
4971
11115
5413
6958
7720
10408
10038
1562
13471
8479
12602
6260
2512
11655
4438
2611
533
13089
