1163
1547
1931
2699
3083
3467
779
1179
1563
1947
2715
3099
3483
3867
795
1195
1579
1963
3115
3499
811
1211
1595
1979
3131
3515
1227
1611
1995
3147
3531
3915
1243
1627
2011
3163
3547
3931
859
1259
1643
2027
2795
3563
1275
1659
2043
2811
891
1291
1675
2059
2827
3595
1307
1691
2075
2843
3611
539
923
1707
2091
2859
3627
1339
1723
2107
2875
3643
571
955
1739
2123
2891
587
1371
1755
2139
2907
987
1003
1387
1771
2155
2923
4075
619
1019
1403
1787
2939
635
1035
1419
1803
2955
4107
651
1051
3252
4020
2500
3268
3652
964
2516
3284
3668
4052
980
2532
3300
2548
3316
3700
3332
3716
4100
2580
3348
2212
3364
2228
3380
3764
2244
3396
3780
2260
3412
3796
2276
2292
3444
1157
1541
1925
2693
3077
3461
773
1173
1557
1941
2709
3093
3477
789
1189
1573
1957
3109
3493
805
1205
1589
1973
3125
3509
821
1221
1605
1989
3141
3525
837
1237
1621
3541
1253
1637
2021
2789
3173
3557
1269
1653
2037
2805
1285
1669
2053
2821
1301
1685
2069
2837
3605
533
1317
1701
2085
2853
3621
1333
1717
2101
2869
3637
1435
1819
2203
2971
3739
667
1067
1451
1835
2603
2987
1083
1467
1851
2619
3003
699
1099
1483
1867
2635
3019
3787
715
1115
1499
1883
2651
3035
3803
731
1131
1515
2667
3051
3819
747
1147
1531
1915
2683
3067
3451
2316
3852
2332
2348
2732
3884
2364
2748
3900
828
2380
2764
844
2396
2780
2412
3180
3948
2428
3196
3964
2444
3212
3980
2460
3228
3996
2476
3244
4012
940
2492
3260
2508
3276
3660
2524
3292
3676
4060
2540
3308
3692
2556
3324
2188
3340
3724
3356
2220
3372
3756
2236
3388
3772
2252
3404
565
949
1349
1733
2117
2885
4037
581
1365
1749
2133
2901
597
1381
1765
2149
2917
613
997
1013
1397
1781
2165
2933
629
1029
1413
1797
2565
2949
645
1045
1429
1813
2197
2965
3733
661
1061
1445
1829
2597
2981
677
1077
1461
1845
2613
2997
693
1477
1861
2629
3013
709
1109
1493
2645
3029
725
1125
1509
1893
2661
3045
741
1141
1525
1909
2677
3061
757
2310
3846
2326
3862
2342
2726
3878
2358
2742
3894
2374
2758
2390
2774
854
2406
3942
870
2422
3190
3574
3958
886
2438
3206
3974
2454
3222
3990
918
2470
3238
4006
550
934
2486
3254
4022
2502
3270
3654
2518
3286
4054
2534
3302
3686
2550
3318
3702
4086
2182
3334
3718
3350
3366
3750
2230
3382
3766
2246
3398
2262
3414
3798
2278
3430
2294
3446
3830
1159
1543
1927
2695
3079
3463
775
1175
1559
1943
2711
3479
791
1191
1575
1959
3111
3495
807
1207
1591
1975
3127
3511
823
1223
1607
3143
3527
839
1239
1623
2007
3159
3543
3927
1255
1639
2023
2791
3175
3559
1271
1655
2039
2807
1287
1671
2055
2823
3591
1303
1687
2071
2839
3607
1319
1703
2087
2855
3623
1335
1719
2103
2871
3639
567
1351
1735
2119
2887
4039
583
967
1367
1751
2135
2903
599
983
1383
1767
2151
2919
4071
615
999
1015
1399
1783
2167
2935
631
1031
1415
1799
2951
647
1047
1815
2583
2967
3735
663
1063
1447
1831
2215
2599
2983
679
1079
1463
1847
2615
2999
695
1095
1479
1863
2631
3015
711
1111
1495
2647
3031
727
1127
1511
1895
2663
3047
743
1143
1527
1911
2679
3063
759
2312
3848
2328
2344
2728
3880
2360
2744
3896
2376
2760
3912
2392
2776
2408
3944
872
2424
3192
3576
3960
2440
3208
3976
2456
3224
3992
536
2472
3240
4008
936
2488
3256
4024
952
2504
3272
3656
2520
3288
3672
2536
3304
3688
2552
3320
3704
2568
3336
3720
4104
2200
3352
3368
3752
2232
3384
3768
2248
3400
3784
3416
2280
3432
2296
3448
3832
1161
1545
1929
2697
3081
3465
777
1177
1561
1945
2713
3097
3481
3865
793
1193
1577
1961
3113
3497
809
1209
1593
1977
3129
3513
1225
1609
1993
3145
3529
1241
1625
2009
3161
3545
3929
1257
1641
2025
2793
3177
3561
1273
1657
2041
2809
1289
1673
2057
2825
3593
905
1689
2073
2841
3609
1321
1705
2089
2857
3625
1337
1721
2105
2873
3641
569
1353
1737
2121
2889
4041
585
1369
1753
2137
2905
4057
601
1001
1385
1769
2153
2921
4073
617
1401
1785
2937
4089
633
1033
1417
1801
2953
649
1049
1433
1817
2969
3737
665
1065
1449
1833
2601
2985
681
1081
1465
1849
2617
3001
697
1097
1481
1865
2633
713
1113
1497
1881
2649
3033
729
1129
1513
1897
2665
3817
745
1145
1529
1913
2681
3065
761
2314
3850
2330
2346
2730
3882
2362
2746
3898
826
2378
2762
2394
2778
2410
2426
3194
3578
3962
2442
3210
3978
2458
3226
3994
2474
3242
554
938
2490
3258
4026
2506
3274
3658
970
2522
3290
3674
2538
3306
3690
2170
2554
3322
3706
3338
3722
2586
3354
2218
3370
3754
2234
3386
2250
3402
2266
3418
2282
3434
2298
3834
2268
3420
2284
3436
2300
3836
1165
1549
1933
2701
3085
3469
781
1181
1565
1949
3101
3485
797
1197
1581
1965
3117
3501
813
1597
1981
3133
3517
1613
1997
3149
3533
3917
1245
1629
2013
3549
3933
861
1261
1645
2029
2797
3565
877
1277
1661
2045
2813
3581
1293
1677
2061
2829
3597
1309
1693
2077
2845
3613
541
1325
1709
2093
2861
3629
1341
1725
2109
2877
3645
4029
573
1357
1741
2125
2893
589
1373
1757
2141
2909
605
989
1005
1389
1773
2157
2925
4077
1021
1405
1789
2173
3709
4093
637
1037
1421
1805
2573
2957
4109
653
1053
1437
1821
2589
2973
3741
669
1069
1453
1837
2605
2989
685
1085
1469
1853
2621
3005
701
1101
1485
1869
2637
3021
3789
717
1117
1501
1885
2653
3037
733
1133
1517
2669
3053
3821
749
1149
1533
1917
2685
3069
3453
765
2318
3854
2334
2350
2734
3886
2366
2750
3902
830
2382
2766
846
2398
2782
2414
3182
3950
2430
3198
3966
2446
3214
3982
2462
3230
3998
2478
3246
4014
2494
3262
958
2510
3278
974
2526
3294
3678
4062
2542
3310
3694
2558
3326
3342
3726
2206
3358
2222
3374
3758
2238
3390
3774
2254
3406
2270
3422
3806
2286
3438
2302
3838
1167
1551
1935
2703
3087
3471
783
1183
1567
1951
3103
3487
799
1199
1583
1967
3119
3503
1215
1599
1983
3135
3519
1231
1615
1999
3151
3535
3919
1247
1631
2015
3551
3935
1263
1647
2031
2799
1279
1663
2047
2815
3583
1295
1679
2063
2831
3599
1311
1695
2079
3615
543
1327
1711
2095
3631
943
1343
1727
2111
2879
575
1359
1743
2127
2895
591
1375
1759
2143
607
991
1007
1391
1775
2159
2927
4079
623
1023
1407
1791
2943
639
1039
1423
1807
2191
2959
4111
655
1055
1823
2591
2975
3743
671
1071
1455
1839
2607
2991
687
1087
1471
1855
3007
703
1103
1487
1871
2639
3023
719
1119
1503
1887
2655
3039
735
1135
1519
1903
2671
3055
3823
751
1151
1535
1919
2687
3071
3455
767
2304
3840
2320
3856
2336
2720
3872
2352
2736
3888
2368
2752
3904
2384
2768
848
2400
2784
2416
3184
3568
3952
2432
3200
3968
896
2448
3216
3984
2464
3232
4000
928
2480
3248
4016
2496
3264
3648
2512
3280
3664
2528
3296
3680
2544
3312
3696
2176
2560
3328
3712
4096
3344
3728
3360
2224
3376
3760
2240
3392
3776
2256
3408
3792
2272
3424
2288
3440
1153
1537
1921
2689
3073
3457
769
1169
1553
1937
3089
3473
785
1185
1569
1953
3105
3489
801
1201
1585
1969
3121
3505
1217
1601
1985
3137
3521
1233
1617
2001
3153
3537
1249
1633
2017
3553
1265
1649
2033
2801
1281
2049
2817
3585
1297
1681
2065
2833
3601
1313
1697
2081
2849
3617
545
1329
1713
2097
2865
3633
561
1345
1729
2113
2881
577
961
1361
1745
2129
2897
593
977
1377
1761
2145
2913
609
993
1009
1393
1777
2929
4081
625
1025
1409
1793
2945
641
1041
1425
1809
2577
2961
4113
657
1057
1441
1825
2209
2593
2977
3745
673
1073
1457
1841
2609
2993
689
1089
1473
1857
2625
3009
705
1105
1489
1873
2641
3025
721
1121
1505
1889
2657
3041
3809
737
1137
1521
1905
2673
3057
3825
753
2306
3842
2322
3858
2338
2722
3874
2354
2738
2370
2754
3906
2386
2770
3922
850
2402
3938
866
2418
3186
3570
3954
882
2434
3202
3970
898
2450
3218
3986
914
2466
3234
4002
930
2482
3250
4018
946
2498
3266
3650
2514
3282
2530
3298
2162
2546
3314
2562
3330
3714
4098
2194
3346
3362
2226
3378
3762
2242
3394
3778
2258
3410
2274
3426
2290
3442
1155
1539
1923
2691
3075
3459
771
1171
1555
2707
3091
3475
787
1187
1571
1955
3107
3491
803
1203
1587
1971
3123
3507
3891
1219
1603
1987
3139
3523
835
1235
1619
2003
3155
3539
1251
1635
2019
2787
3171
3555
1267
1651
2035
2803
1283
1667
2051
2819
3587
1299
1683
2067
2835
3603
531
1315
1699
2083
2851
3619
1331
1715
2099
2867
3635
563
1347
1731
2115
2883
579
1363
1747
2131
2899
595
1379
1763
2147
2915
611
995
1011
1395
1779
2931
627
1027
1411
1795
2179
2947
643
1043
1427
1811
2963
3731
4115
1059
1443
1827
2595
2979
3747
675
1075
1459
1843
2611
2995
691
1091
1475
2627
3011
707
1107
1491
2643
3027
723
1123
1507
2659
3043
739
1139
1523
1907
2675
3059
3827
755
2308
3844
2324
3860
2340
2724
3876
2356
2740
2372
2756
3908
2388
2772
3924
852
2404
3940
868
2420
3188
3572
3956
884
2436
3204
3972
900
2452
3220
3988
916
2468
3236
4004
548
932
2484
