14603
11931
27
9243
1195
12715
427
11195
1227
13515
459
9675
13531
15451
15835
91
1275
1291
1675
9371
555
9771
10171
12091
15163
587
10971
9835
1787
9467
9851
13723
667
9883
10299
14139
14907
15675
16059
1851
315
1483
9163
9547
12635
15707
9563
14571
11131
1164
12684
14220
15756
780
1180
15772
10412
11564
1580
44
812
10428
15036
12364
12748
15820
1628
10476
11244
1260
15468
1644
10108
14716
12812
11292
1308
14748
156
15900
1324
15148
11324
14780
10956
14028
15948
1372
15580
604
9820
14828
15596
1020
15996
10252
13324
15244
15628
652
10268
11420
15260
284
11820
9132
12988
1100
12236
13772
332
716
1116
13404
9196
10364
14972
15356
11917
10781
11165
14621
15005
429
1213
13885
10061
10445
11213
1229
14285
10077
861
109
12013
12397
13165
14701
13565
9741
10909
12061
13213
13981
15133
13613
941
12861
957
12509
11757
15213
11005
1405
14845
1421
1805
269
9485
14877
16029
10669
11437
16045
9517
10685
12221
15293
16077
11101
14557
9181
13037
6893
13437
15741
9213
9597
1550
9998
10398
12318
12702
798
15022
15790
13502
14270
1598
830
12366
14670
15054
846
11998
15086
878
9710
10494
12030
12414
1662
10510
12046
14350
9358
10142
10158
10542
15918
10558
1342
11342
13262
1358
15566
206
9806
11358
1006
622
12158
12542
11406
9102
9870
12190
670
15278
14910
9918
13006
1870
9934
10334
12254
10350
12270
1518
1150
13822
14974
1534
6910
10383
12303
13455
13839
14991
9231
14239
15391
15775
31
15807
447
13135
13903
1247
14303
479
1647
495
9327
14335
14719
9343
10127
911
10527
13599
15519
1695
14767
175
9775
13247
1727
14799
1375
14815
223
1775
239
9855
655
12975
14895
1087
16063
10319
14927
13023
14943
351
9567
11119
367
9583
9967
10368
14592
9984
15376
400
13856
1568
416
11200
12352
13120
13504
832
12368
12752
1616
464
13152
1632
96
9696
10096
10864
10112
10880
11280
13200
1680
14752
928
1712
9392
192
9792
9424
15584
1760
11760
1392
14448
10624
11008
1408
1792
10256
12176
12944
1808
10272
14496
9120
9504
9888
15664
688
9904
12992
1856
11472
13392
15312
15696
12272
14960
769
14609
10017
11553
12705
9633
10417
10801
11185
12337
817
14657
15809
11217
81
9681
12385
9313
15473
1281
13185
14721
1297
14737
15505
15889
529
15905
12081
12465
15921
1345
15553
15937
12881
1361
1745
12129
13281
9441
10609
12529
641
9473
12561
13329
1425
273
9489
1057
12193
289
673
14513
1089
11457
13377
1473
321
1105
11089
1489
337
1121
13409
737
15345
6897
753
13826
15362
11154
13074
12322
15010
34
10818
11970
1218
13506
834
9282
9666
10066
10450
15826
10082
14690
10482
14706
10514
11282
12434
9362
9746
1314
14754
546
9762
12850
1330
12114
12498
15954
11746
610
9826
14834
15602
1026
12546
15618
9874
1074
1458
1842
9138
10706
12258
15714
12658
1155
1171
11923
9235
14643
10435
12739
12755
9299
11235
1251
499
10499
13571
14723
15107
1683
12067
12451
10931
14387
947
9779
963
15571
595
10595
12515
1395
13315
14851
16003
259
13715
1811
11427
12595
14899
10691
11075
13763
14915
15299
14547
723
10339
10723
12643
14179
15331
6883
9187
9571
12292
14980
388
6916
9988
13076
10404
12324
13092
14628
15780
420
1588
436
9652
13508
15428
11220
13908
468
852
12404
1652
884
9732
12436
13972
14356
10532
14004
10948
11332
1348
9412
11348
12500
14420
13668
1012
10228
10996
11380
1780
9460
1412
11028
15652
12212
13748
15284
16052
1092
14532
16068
13012
14948
1508
740
15732
10757
11141
13445
10005
10389
10789
1189
12709
13861
1205
453
14677
10853
13541
15461
13557
12421
133
10901
10149
1701
13237
14773
15925
9397
10181
12485
13637
15173
581
10581
14805
213
9813
11749
12517
1381
12149
13301
14837
15605
15989
10245
11397
13333
15637
16021
9109
1061
12581
9893
10293
11445
9525
12229
12613
1477
9157
9541
12245
12277
13429
14581
9973
10374
12678
774
13846
15766
9622
12326
10422
13494
15414
12358
15814
838
12758
13142
102
10470
1254
870
12790
15862
11270
14342
1670
12438
13206
1318
13990
9766
15542
14790
9798
10198
11350
12118
1366
14822
230
12534
1398
12166
12934
646
10262
1046
10646
13350
9126
1846
310
12998
13382
1862
10326
13398
9174
12262
13414
6886
10358
15734
1543
9607
9991
10775
11927
12311
14999
1559
13479
14247
9255
1207
13879
13127
15047
10839
11991
12775
13543
15079
1639
14711
9719
15495
10519
11287
14743
15527
15911
551
9383
951
9783
12487
1351
14039
15959
983
11367
11751
12903
15207
15591
10999
631
9863
16023
1815
279
11431
16039
1831
1079
11063
14903
15303
15687
9559
11111
10743
11511
13815
15368
11544
1176
13464
408
14632
15016
9640
15800
440
9656
10440
456
10456
13528
1624
14696
120
1272
14328
15480
10504
1288
12440
1304
1688
936
11320
12856
1336
10952
12104
15560
15944
15576
600
9432
10216
1768
1016
14472
1800
14888
13368
1464
10312
1512
15720
1144
1528
760
11145
9225
11929
15385
793
11177
809
13113
825
12745
14665
1241
14681
15065
9705
10489
13561
13945
15097
1705
12473
13625
15929
12489
1737
585
11353
12505
12889
1369
15193
10985
9449
12921
1401
15225
15609
11017
13321
13705
14857
16009
265
297
12217
697
9145
9913
13001
9929
12249
12633
13401
14169
345
10345
361
745
6905
10378
14986
15754
9994
10394
10026
15018
10042
12346
1594
474
10090
15850
11258
13178
1658
506
13194
14730
12826
15514
12074
12458
14762
15914
12858
186
9418
15962
12138
15978
618
12538
1050
15642
1066
12202
1450
1082
11450
10314
11082
12234
13386
330
14938
15322
730
1130
13418
14954
12282
13050
14970
