507
2007
2658
1712
2096
531
1299
1212
1601
2861
938
2474
852
1620
1080
1464
785
1105
1489
2517
1011
1422
1027
962
225
1113
1631
2908
2761
682
2113
2881
499
2276
657
2961
600
1368
2132
210
1774
2268
305
2609
2993
1121
1228
1612
3148
2157
2124
1383
1639
674
247
315
699
2235
2184
2168
2936
440
1976
2744
94
1323
2087
3239
843
86
3158
2543
3060
351
1647
739
1507
1891
3043
2074
416
1568
481
1952
1249
2336
1036
886
2259
3027
1315
979
1747
2899
1879
1858
3010
340
724
51
819
1172
332
716
1498
1823
2591
1282
1794
2562
1054
183
1719
2103
2871
3255
1473
3185
1530
27
392
2582
44
1869
2244
61
70
2374
928
1696
1766
2194
731
3035
448
1984
473
1241
2148
217
2066
2450
2834
323
1019
707
2403
1164
1220
1672
2824
384
3208
1577
2345
256
2176
1861
775
1543
2311
2463
2847
3231
1452
1349
641
1409
367
2945
751
1903
1003
1757
2141
128
1664
1307
3200
280
2200
608
591
549
566
2353
835
582
1593
3129
2481
191
19
3263
1419
766
1803
2571
1918
1481
2319
1522
1440
1374
2526
2509
2665
174
558
971
1358
1237
408
1560
1944
491
2328
1045
2712
1813
3247
465
2769
232
616
2536
2920
3119
1737
2634
2251
3019
860
666
432
1584
1968
1340
375
3052
3100
1926
3078
359
574
1910
1147
2673
2299
2683
827
2363
2788
690
1842
1072
2890
263
120
3138
878
2414
2798
199
3271
297
2985
2499
3001
112
2394
523
289
2977
1155
987
1290
2442
995
1088
2624
811
1782
400
1552
2692
152
920
1393
649
2953
1991
954
2490
540
2016
3168
1181
2285
3090
456
2425
2809
3193
162
1687
515
3223
2435
2819
1655
78
3068
1680
3216
1433
2969
1704
105
1257
2025
3177
272
1096
869
1999
2383
1266
2034
2751
633
2057
1401
2045
1189
3109
1131
1515
2554
2779
240
624
2928
895
1198
2734
424
1960
1064
1832
2216
2600
1728
35
803
2723
1206
2645
794
1331
1850
1139
1274
946
143
1934
2702
911
903
135
2227
