1163
1547
1931
395
779
1211
1595
1979
443
827
1259
1643
2027
491
875
1307
1691
2075
539
923
1355
1739
587
971
1019
1403
1787
635
1067
1451
1835
299
683
1115
1499
1883
347
731
1196
1580
1964
428
812
1244
1628
2012
476
860
1292
1676
2060
524
908
1340
1724
572
956
1004
1388
1772
620
1052
1436
1820
284
668
1100
1484
1868
332
716
1148
1532
1916
380
764
1181
1565
1949
413
797
1229
1613
1997
461
845
1277
1661
2045
509
893
1325
1709
2093
557
941
1373
1757
605
989
1037
1421
1805
653
1085
1469
1853
317
701
1133
1517
1901
365
749
1166
1550
1934
398
782
1214
1598
1982
446
830
1262
1646
2030
494
878
1310
1694
2078
542
926
1358
1742
590
974
1022
1406
1790
638
1070
1454
1838
302
686
1118
1502
1886
350
734
1199
1583
1967
431
815
1247
1631
2015
479
863
1295
1679
2063
527
911
1343
1727
575
959
1007
1391
1775
623
1055
1439
1823
287
671
1103
1487
1871
335
719
1151
1535
1919
383
767
1184
1568
1952
416
800
1232
1616
2000
464
848
1280
1664
2048
512
896
1328
1712
2096
560
944
1376
1760
608
992
1040
1424
1808
656
1088
1472
1856
320
704
1136
1520
1904
368
752
1169
1553
1937
401
785
1217
1601
1985
449
833
1265
1649
2033
497
881
1313
1697
2081
545
929
1361
1745
593
977
1025
1409
1793
641
1073
1457
1841
305
689
1121
1505
1889
353
737
1154
1538
1922
386
770
1202
1586
1970
434
818
1250
1634
2018
482
866
1298
1682
2066
530
914
1346
1730
578
962
1010
1394
1778
626
1058
1442
1826
290
674
1106
1490
1874
338
722
1187
1571
1955
419
803
1235
1619
2003
467
851
1283
1667
2051
515
899
1331
1715
2099
563
947
1379
1763
611
995
1043
1427
1811
659
1091
1475
1859
323
707
1139
1523
1907
371
755
1172
1556
1940
404
788
1220
1604
1988
452
836
1268
1652
2036
500
884
1058
1442
1826
290
674
1316
1700
2084
548
932
1364
1748
596
980
1028
1412
1796
644
1076
1460
1844
308
692
1124
1508
1892
356
740
1157
1541
1925
389
773
1205
1589
1973
437
821
1253
1637
2021
485
869
1301
1685
2069
533
917
1349
1733
581
965
1013
1397
1781
629
1061
1445
1829
293
677
1109
1493
1877
341
725
1190
1574
1958
422
806
1238
1622
2006
470
854
1286
1670
2054
518
902
1334
1718
2102
566
950
1382
1766
614
998
1046
1430
1814
662
1094
1478
1862
326
710
1142
1526
1910
374
758
1175
1559
1943
407
791
1223
1607
1991
455
839
1271
1655
2039
503
887
1319
1703
2087
551
935
1367
1751
599
983
1031
1415
1799
647
1079
1463
1847
311
695
1127
1511
1895
359
743
1160
1544
1928
392
776
1208
1592
1976
440
824
1256
1640
2024
488
872
1304
1688
2072
536
920
1352
1736
584
968
1016
1400
1784
632
1064
1448
1832
296
680
1112
1496
1880
344
728
1193
1577
1961
425
809
1241
1625
2009
473
857
1289
1673
2057
521
905
1337
1721
569
953
1001
1385
1769
617
1049
1433
1817
281
665
1097
1481
1865
329
713
1145
1529
1913
377
761
1178
1562
1946
410
794
1226
1610
1994
458
842
1274
1658
2042
506
890
1322
1706
2090
554
938
1370
1754
602
986
1034
1418
1802
650
1082
1466
1850
314
698
1130
1514
1898
362
746
