891
638
327
626
604
740
689
735
692
724
260
716
898
670
795
614
829
832
660
542
529
825
655
582
787
575
745
590
196
476
386
791
565
110
818
426
810
901
649
703
665
712
46
2427
3426
2165
1146
2480
1113
1083
2477
1389
4781
1094
2474
1421
1110
1077
1140
1092
1115
1288
998
1099
1486
1103
1644
1710
1144
1767
1691
1816
1340
1677
1682
1521
1096
1642
2388
2583
1962
2083
1088
2159
1655
1231
2156
1069
2001
2140
2162
2116
2022
2137
2262
2131
4986
2144
33905
35057
37071
35527
35441
36209
33488
37337
37721
37912
35792
38118
33996
36530
39060
37068
38019
38215
42102
35910
37062
33646
35950
34102
38066
36334
36718
37102
33640
36311
37079
35560
41287
33604
33988
35140
33685
34069
34453
34837
37455
37839
34002
35524
34386
36292
36373
36757
35922
37446
37830
38227
33628
34493
35548
37870
37174
35645
36797
37864
37458
37842
38212
42054
37847
37181
38236
37565
33538
33922
34888
35458
36040
37452
37328
37836
33554
37712
38096
36626
33279
34815
37119
37679
33800
34952
41692
33652
36104
37192
35956
37576
37378
33985
38146
35137
36289
37394
34548
38162
2171
3266
4539
2516
2233
2396
2122
4681
2230
2147
2524
2622
4149
3330
4440
2419
2360
2687
2532
2899
3684
4104
3372
3630
2385
3407
1997
2536
3304
2757
2406
2422
2125
3639
3817
3558
4219
4715
2011
2403
4875
3175
4086
4321
2499
2706
5152
3938
5128
2414
3073
4627
3040
3808
2504
3096
2400
3123
3460
4203
4228
3240
2381
10257
5634
9102
3149
4002
9978
3600
2839
6831
2409
11969
7101
6770
5929
8376
5323
7360
5166
10581
7154
4270
7027
8486
5259
5566
5193
8198
6124
9763
6201
10244
5066
7736
5426
9433
33859
34243
37876
35877
37029
34440
34629
35397
36360
37441
37825
35781
38209
37256
36165
36933
38024
34409
36713
33564
35588
34332
37097
35972
37124
33240
34008
34392
35868
34776
37020
33435
37797
34587
35544
35928
36696
38181
37896
34659
35043
35427
34755
35101
33868
35811
34252
36963
35907
35020
37059
36637
38977
37701
44532
36172
37508
37788
38172
34053
34437
33465
34284
34233
34821
35052
35769
37659
36357
36921
36972
37481
40003
40968
37464
33315
41925
36003
36387
33692
34460
37443
37827
36581
33498
38092
36380
37148
36954
37893
38124
35724
34751
36984
33611
35903
36671
35531
36299
36683
34156
34540
35308
37539
35693
36077
36460
39363
36844
37916
38106
37644
38028
35406
33329
34481
34865
38136
34171
36942
37439
35633
36401
36785
36475
36859
38307
37228
37612
37996
37349
37733
35403
38094
36555
36939
33309
40523
34216
34600
38381
35613
35997
36136
37627
38011
35125
35509
43313
37305
37689
34078
34846
36145
36766
37150
36420
37533
33974
38197
34742
34144
34528
35296
35894
36278
36662
36832
37288
37297
37681
35314
36466
36850
37814
37600
35107
33387
41374
34923
37234
37618
33541
34693
34926
36677
35461
33840
38179
34224
34608
34992
33862
34246
35760
36912
37614
37998
33408
34560
35328
34748
34345
35900
36480
35113
36668
45091
36704
37088
38064
38086
43057
36238
37632
38016
37436
33614
38185
37856
33511
33895
36302
35815
36508
36892
36203
36978
35369
33727
35263
36031
33471
38044
33548
33932
34700
36927
35084
37355
35468
34326
37739
33697
34710
36620
34081
35094
34849
36769
37153
35862
37014
38130
37673
37567
35069
37311
37695
33384
34920
37388
38507
38156
42738
37782
38166
44750
37992
33993
44833
34551
37065
35703
33414
34566
43517
39144
35718
41832
34576
35344
37449
37833
36880
33474
34129
36930
37623
34645
38007
35029
37254
38022
33243
34011
34395
34779
35163
39753
35931
38032
37201
37969
33447
33831
34983
36903
33617
35153
37467
45328
36305
36689
37073
33937
35311
33306
35226
36241
33572
33956
36463
36847
35610
35994
35492
36644
37671
33504
34656
35424
34632
35400
35808
35784
36960
36936
35072
37231
36224
33950
39591
35486
37530
37914
42449
37314
37412
37698
38112
38082
37704
34238
35390
38088
33788
34940
38144
36158
36542
36092
37406
38174
43153
34342
33429
35110
44994
33676
37244
33943
36748
37132
38078
36247
37269
37653
33479
35015
33892
34320
35472
35856
37008
33326
34478
34862
35630
36782
34949
37516
37900
34274
36101
36578
35075
37319
38116
36227
36611
33898
37776
38160
35818
35416
37166
33658
34042
34426
37346
37730
38114
33250
38928
33634
35554
35938
38122
36322
37882
38104
41232
33258
34026
34794
35838
36990
37858
35687
40426
33815
34967
35880
37032
36505
36889
34112
35735
36119
36009
35648
36800
37607
33929
35081
36617
33296
34064
34832
36865
37657
37271
37655
37184
33871
34255
34639
35023
36559
37385
45248
38153
37545
37929
34765
35149
35917
34515
33821
34973
35357
34180
36051
36819
35741
36484
36868
38142
38221
37277
34679
37636
35063
37587
35447
35831
36215
33485
44185
35789
34213
33482
34597
45651
36517
37325
37709
37285
37669
42359
33432
37322
37706
38090
34335
34719
33649
35871
37023
35953
36337
37105
37791
38040
33591
34359
37873
37047
42865
27482
37431
38199
37082
37850
34186
35338
33444
43633
33828
34980
36874
36132
36900
45495
37360
37744
38128
33608
34376
37258
37642
36680
33426
35730
36193
37650
38034
33287
33450
33834
34986
35591
35975
35754
36522
36906
39265
38058
35134
36286
35386
34579
35347
36499
36883
37822
38206
38074
37267
35374
36142
34183
35335
36871
33874
34258
34642
35026
33535
33689
33919
37145
37639
38098
37294
37375
37759
41134
42670
33529
33913
36862
37369
37753
36048
37584
34573
35341
36877
37261
36597
36981
33312
36000
34651
35035
34946
36187
35714
33392
36098
33776
35696
37536
37250
37634
37616
37339
37723
34219
36139
42224
35850
36234
37002
33518
35822
36590
37770
37291
38126
33320
35240
34590
35624
36776
37160
33532
33916
34227
34611
37662
38046
36604
35763
36915
37372
37756
45726
38140
35480
33569
37683
33953
35489
36257
37400
37409
33264
34032
34800
35184
33812
34964
36116
33631
35551
36319
33600
38036
35520
37056
37471
38239
38592
33844
34996
35380
36148
34722
35874
37026
37794
37091
37475
33462
34230
35766
36918
37302
37686
35049
35433
36969
35363
35747
37283
37667
38051
33785
3449
38009
37625
43385
8825
35066
35450
35834
34689
36993
37761
34305
35841
27058
36274
37042
37426
44338
35506
34676
35060
35444
35828
36212
34843
38132
34075
36763
37156
16420
34084
34468
37924
4048
676
34210
15568
36898
17104
802
38224
33561
34713
37017
37785
27179
32555
33323
36779
34329
35865
38169
9515
36514
45730
34475
34859
34933
36085
36469
38005
34165
35317
36853
37621
33806
38030
27662
34958
36110
38798
33622
35158
38230
36623
16263
18951
33551
34703
35087
37391
36999
37767
19719
35847
36231
36629
37397
34099
33901
35437
37741
15469
2654
35678
37214
35282
35666
36434
36129
37281
3794
38164
33940
36244
10565
7273
7189
5728
7218
7192
8338
9156
15041
7576
7287
8064
10570
6913
5983
9382
7312
9863
5143
7135
8565
9003
7464
10203
6218
9214
10423
10098
8688
7684
11990
11960
12516
13051
13804
14511
11867
14557
12923
9635
11972
13267
14049
16122
11966
12007
13516
15716
11963
14516
12568
12927
15981
12063
16067
14878
15529
14532
12014
15547
13899
15298
14252
15281
15534
12538
14791
15157
15557
15637
14689
15542
14620
15999
15562
14338
14211
15806
14594
14952
15344
15378
15905
16289
12944
15552
17139
17903
17125
17225
18710
17620
18948
18290
16595
17566
17875
18911
17644
17931
18931
17839
19350
18539
17164
17489
19466
7637
35285
35669
36437
17948
18922
18054
18069
18954
16962
16680
18941
16912
17296
18367
18212
18136
17192
19204
17856
18624
33818
34202
34970
35354
35738
36122
37274
38042
37040
37808
36987
27554
27594
33378
33762
34914
36066
36450
37602
36567
36951
35206
36742
35966
36350
37502
33670
37126
28226
34739
35891
37811
38195
27973
28363
33962
34730
36266
36650
37418
37802
26994
27933
36511
37279
34664
36200
36584
28115
37352
37736
38120
33965
36653
37037
37421
37805
27431
36895
42797
34323
35475
35859
37011
37779
27656
35573
36341
37493
35009
35393
36161
36545
44021
40769
28753
28566
29131
33381
34917
36069
36453
37989
44901
27814
27120
33468
33852
36924
27697
37308
37692
38076
28942
27360
27744
27644
27293
29330
2357
3509
36634
36533
38069
34138
36826
40666
41050
3002
34490
35642
36794
37178
37562
37946
28400
36369
37521
37905
33267
34035
34803
35187
36723
37107
33339
34875
36411
35234
35618
37922
34881
36417
37953
35412
36564
36948
33738
35274
35658
38100
37578
37962
33237
33809
34961
33865
36169
36113
35277
34141
34525
35293
36829
37265
34005
34389
35541
37581
35925
35223
35607
35991
33643
34148
35563
36331
37461
37845
35684
42957
37527
35214
36366
37604
33766
34534
36838
33724
34108
35260
36028
37518
37902
37867
37222
37948
33667
35203
36739
37597
34115
36803
37100
37955
34531
36835
45187
37484
37219
37987
39875
33494
33878
35798
36182
34443
35211
33588
36363
37044
37334
37718
38102
37428
33272
35576
35960
36344
33372
33756
33910
34908
36060
41652
35244
36012
37142
37366
37750
37980
38134
37164
37548
37932
37910
33332
35252
35636
36788
33711
36015
35366
37496
37172
37940
37551
37935
38054
38708
33275
35579
35963
36347
36283
41510
37499
37819
35409
36945
34554
35322
35706
34132
37204
37972
33597
34365
34287
34671
37242
35517
36975
37053
34014
34398
34782
34096
35248
34017
34785
35169
35567
45423
37473
33673
37168
35128
36745
37129
40158
37487
34762
35146
35914
35662
35690
36074
37513
33261
34029
34797
35181
37094
43247
36823
33637
33655
34423
35191
37198
38218
35557
35941
36709
37610
37994
33405
34557
35325
35709
29587
37478
37207
34020
34404
34788
35172
34976
35360
37861
35744
37879
37629
38013
33353
34121
34268
35420
36809
36572
37664
38048
33417
34569
35721
36489
33583
33293
34061
38108
35503
36271
35597
35981
36043
33335
34487
35255
35639
36791
33664
34432
37423
36736
36674
37195
37943
44489
35483
36251
33398
33782
37888
34087
33491
37403
35271
35795
36179
36423
36006
37238
40091
34621
37331
36308
37959
37715
36692
37076
33926
35078
37158
37542
37926
36614
36701
37085
34308
35844
36996
34118
34502
34537
35104
35305
37382
38150
36806
36841
33682
34450
35570
37469
37853
37380
37764
38148
33803
34955
36754
37138
38176
35231
35675
36107
37225
37490
33847
34615
34999
35288
35672
33453
34605
37211
34989
37919
34745
35897
37433
37817
35757
36525
36909
37363
37747
33720
34872
33625
36024
33255
36408
34023
34791
35175
33717
34869
35372
33395
33779
39455
38003
38061
34090
36088
36472
36394
36856
34317
38233
37176
37560
35853
37005
33290
34058
33791
34943
37557
35585
37676
35969
36353
35594
37121
35978
36095
34812
35196
33423
34191
35886
35681
35727
37240
37162
33299
44088
33575
33959
34727
37505
35495
36263
36647
37773
37247
37217
37985
40312
33730
34498
37263
37647
33342
34878
36034
33856
36414
37415
37799
38183
35653
36037
37186
37570
43791
38190
35883
33369
37035
33753
34521
34905
38080
36057
37189
37573
37950
37957
40871
36081
33366
33750
34518
34050
34902
34818
33594
34362
36152
37050
36536
37593
37977
38187
33714
35121
42181
36190
36018
38001
33661
34045
34429
33679
34447
36155
36733
36539
37117
37590
37890
37974
36751
37135
34105
38072
38202
37170
37554
37938
38110
38193
37885
42582
34198
34582
36502
36886
33759
34911
43953
36063
36447
38038
33359
34895
36431
36815
37983
35621
34809
36773
33501
33356
36729
37113
36957
36812
37967
34271
33544
36575
34312
33580
34348
35464
35500
34038
34806
37341
37725
37964
35012
36726
37110
36548
37343
37727
40229
37140
37316
33881
34265
38084
34072
34840
34278
35046
35430
35801
36760
33411
34563
35331
36966
37524
33999
37908
34383
34759
35143
