31
560
1790
2474
2577
1500
2268
1004
378
1711
2983
1045
1912
2882
247
1879
1553
2301
177
92
1628
1409
9
2610
1823
440
50
1524
134
322
1090
640
1384
2169
3016
113
1343
1686
486
925
965
3116
15
2949
2684
473
1193
23
1846
1603
1661
2136
3048
272
1131
2507
763
599
1434
2202
2717
409
1945
2367
2400
1978
2746
1578
297
681
71
4
2441
200
2103
2812
3182
2334
2235
3149
3085
1172
2915
2544
223
2849
1234
155
347
2651
3426
523
843
1259
2011
2779
3311
3213
3385
3549
3467
3246
3344
3278
3508
884
2036
802
3591
2069
1459
722
1300
