1931
2315
2699
3083
811
1979
2363
2747
3131
475
859
2411
2795
3179
1275
907
2459
2843
3227
955
2891
3275
1003
2555
2939
3323
267
1051
2603
2987
3371
306
1090
2258
2642
3026
3442
3475
1955
2339
2723
3107
835
2387
2771
3155
883
2435
2819
3203
931
2483
2867
3251
2131
979
2267
2651
3035
3451
3484
796
1964
2348
2732
3116
460
844
2396
2780
3164
892
2444
2828
3212
2492
2876
3260
2140
988
2540
2531
2915
3299
243
1027
2579
2963
3347
291
1075
2243
2627
3011
2675
3059
3460
1940
2324
2708
3092
820
1988
2372
2756
3140
484
868
2420
2804
3188
2594
2978
3362
2852
3236
964
2900
3284
228
1012
2564
2948
3332
276
1060
2212
2612
2996
3380
2276
2660
3044
1925
2693
3077
805
1973
2357
2741
3125
469
853
2405
2789
3173
1269
901
2453
2837
3221
949
2885
3269
997
2549
2933
3317
261
1045
2597
2981
3365
1093
2261
2645
3029
3478
1958
2342
2726
3110
454
838
2390
2774
3158
886
2438
2822
3206
934
2486
2870
3254
2134
982
2918
3302
246
1030
2582
2966
3350
294
1078
2246
2630
3014
2678
3062
3463
1943
2327
2711
3095
823
1991
2375
2759
3143
487
871
2423
2807
3191
919
2855
3239
967
2519
2903
3287
231
1015
2567
2951
3335
279
1063
2615
2999
3383
2663
3047
1928
2312
2696
3080
808
1976
2360
2744
3128
472
856
2408
2792
3176
1272
904
2456
2840
3224
952
2888
3272
1000
2552
2936
3320
264
1048
2600
2984
3368
1096
2264
2648
3032
3448
3481
793
1961
2345
2729
3113
457
841
2393
2777
3161
889
2441
2825
3209
2489
2873
3257
2137
985
2537
2921
3305
249
1033
2585
2969
297
1081
2633
3017
2297
2681
3065
3466
1946
2330
2714
3098
826
1994
2378
2762
3146
490
874
2426
2810
3194
922
2474
2858
3242
970
2906
3290
234
1018
2570
2954
3338
282
1066
2218
2234
2618
3002
3386
2282
2666
3050
762
2924
3308
252
1036
2588
2972
3356
300
1084
2636
3020
3436
1916
2684
3068
3469
1949
2333
2717
3101
829
1997
2381
2765
3149
877
2429
2813
3197
925
2477
2861
3245
973
2909
3293
237
1021
2573
2957
3341
285
1069
2221
2237
2621
3005
2285
2669
3053
1934
2318
2702
3086
814
1982
2366
2750
3134
478
862
2414
2798
3182
1278
910
2462
2846
3230
958
2894
3278
1006
2558
2942
3326
270
1054
2606
2990
3374
2270
2654
3038
3454
799
1967
2351
2735
3119
463
847
2399
2783
3167
895
2447
2831
3215
2495
2879
3263
991
2543
2927
3311
255
1039
2591
2975
3359
1087
2639
3023
3439
1919
2687
3071
3472
1952
2336
2720
3104
832
2384
2768
3152
880
2432
2816
3200
928
2480
2864
3248
976
2528
2912
3296
240
1024
2576
2960
3344
288
1072
2624
3008
2672
3056
3457
1937
2321
2705
3089
817
1985
2753
3137
481
865
2417
2801
3185
913
2465
2849
3233
961
2897
3281
225
1009
2561
2945
3329
273
1057
2225
2609
2993
3377
2273
2657
3041
1922
2306
2690
3074
802
1970
2354
2738
3122
466
850
2402
2786
3170
898
2450
2834
3218
2882
3266
994
2546
2930
3314
258
1042
2594
2978
3362
