427
475
523
187
235
283
331
379
412
460
508
172
220
268
316
364
397
445
493
157
541
205
253
301
349
430
478
142
526
190
238
286
334
382
415
463
511
175
223
271
319
367
400
448
496
160
544
208
256
304
352
385
433
481
145
529
193
241
289
337
418
466
514
178
226
274
322
370
403
451
499
163
547
211
259
307
355
388
436
484
148
532
196
244
292
340
421
469
517
181
229
277
325
373
406
454
502
166
550
214
262
310
358
391
439
487
151
535
199
247
295
343
424
472
520
184
232
280
328
376
409
457
505
169
553
217
265
313
361
394
442
490
154
538
202
250
298
346
